$x1,$x2,$x3,$x4,$x5,$x6,$x7,$x8,$x9,$x10,$x11,$x12,$x13,$x14,$x15,$x16,$x17,$x18,$x19,$x20,>>f1,>>f2,>>f3,>>f4,>>f5
0.6089124666183617, 0.1732972251561774, 0.7322780762993087, 0.23553581048967787, 0.07527661278989006, 0.7039138642568327, 0.6460320423831188, 0.31012527322421124, 0.08854863550113157, 0.4753851939354026, 0.11448196067864314, 0.8539179142008104, 0.7757216912468231, 0.7481157958960579, 0.5082646533738523, 0.546137318422875, 0.03714897878249712, 0.00869151190452433, 0.9614932058097403, 0.18043071803858912
0.8884057845373843, 0.9131351499073983, 0.09799773269506684, 0.14814480345341963, 0.17881149779552308, 0.15792099161806372, 0.6423108442523566, 0.9775653050342622, 0.6355283585535219, 0.4729259099592319, 0.8722465906501264, 0.05264418909653967, 0.47124694773868936, 0.40874478237572265, 0.0821161077836341, 0.15969862525191592, 0.9023528316524945, 0.25833711105569757, 0.5009983441371413, 0.15451170644913226
0.46397110535730834, 0.8403670634890071, 0.7871083048796995, 0.6079964554894146, 0.45302561079097403, 0.28907447362760574, 0.6553023897008197, 0.8086956116033333, 0.32656666873604356, 0.47923812222972084, 0.0913003384495703, 0.16358573226373485, 0.39403736012653834, 0.6863364452763051, 0.05977044218284333, 0.548257212966442, 0.49700246462132347, 0.8291981208296685, 0.8400650888633208, 0.3571375077680907
0.3421005554713399, 0.010690848723387436, 0.040806307377185824, 0.0656096576604146, 0.5699429511672476, 0.5521709065227847, 0.45030435772879407, 0.22980532673057863, 0.9840076121237521, 0.9256983080112227, 0.2451860214483047, 0.3766760978802305, 0.454371333294986, 0.0328199571753548, 0.30591737795460294, 0.37306435512382985, 0.2706324812675801, 0.27970961169677555, 0.7327079698054666, 0.5927329909292938
0.5781372472816689, 0.7428544620693215, 0.45372669767128326, 0.9004803270458532, 0.2586349205799673, 0.2038686061526438, 0.692152276410436, 0.13274597140832767, 0.12279648622269779, 0.6597721806238124, 0.9758934142700575, 0.3211235904797445, 0.7264934467198998, 0.8646950196446987, 0.5653142379364958, 0.7150648627050981, 0.012399197803644069, 0.8086495996907265, 0.4372166015693353, 0.4638975030520053
0.5094380968083777, 0.44028653767137926, 0.8712377640952573, 0.4769268259973818, 0.318977609763773, 0.36863798861566144, 0.3831546074474578, 0.9155636998064647, 0.3669204594556488, 0.7158388854918533, 0.2303437918337582, 0.2866201770595287, 0.7828571483629114, 0.9283795090512132, 0.5451619003144259, 0.8805504343313874, 0.7756189338715412, 0.10697753239448449, 0.7841626883606547, 0.5236338431109825
0.48770389850708784, 0.22454110804022132, 0.3398914829478804, 0.7648194056248321, 0.9786759450274523, 0.8878141368912698, 0.9006469121319912, 0.6788986496523963, 0.47981952286516116, 0.6025447422565032, 0.4580537169486143, 0.48276574718607124, 0.9342180451734777, 0.41744863094837037, 0.8476533732931593, 0.47308143349380705, 0.2330883003938774, 0.1156594134581781, 0.7699564343687514, 0.7003788012080773
0.5008455556372171, 0.045455653070580304, 0.35834676742273597, 0.5316954477812146, 0.6994745950968138, 0.9864597987571286, 0.8592796402316086, 0.10014751800106769, 0.04432026513973242, 0.3331911454008126, 0.5089235197825521, 0.8301716595543368, 0.1370761350144184, 0.2809693834810968, 0.7975834250082647, 0.27549791747222585, 0.31798558589183645, 0.36318163673142145, 0.3825935546286019, 0.13825173239281785
0.25190566799534875, 0.9923435995162914, 0.8037591530507238, 0.6471057925382442, 0.9258422824327875, 0.2709046374998969, 0.8823384028888897, 0.05792351708263632, 0.008584751036160632, 0.41466274019562543, 0.022538357005958742, 0.06323528102114473, 0.936684021113848, 0.960617309916011, 0.042878882205638846, 0.8717319086264627, 0.5053765244157289, 0.06758751276576902, 0.3688227451667261, 0.02816497065968504
0.2940502191842753, 0.4619376973627548, 0.3251552287092725, 0.3192908895248362, 0.4534108635137962, 0.8352403191188974, 0.43688733781438727, 0.0563575248633057, 0.9586273312249874, 0.13332786156693033, 0.6280019274494192, 0.3653087037749536, 0.9656627977829606, 0.6175591841582685, 0.4009172108011815, 0.36169532350649447, 0.3181199178382229, 0.9187228236887061, 0.6376492274916562, 0.06862287524639266
0.358089231573546, 0.3488957388784384, 0.32680872585839893, 0.9317899639236973, 0.20195533676906308, 0.5912697705163118, 0.04984591335522515, 0.3479191964887902, 0.3230425248018104, 0.7922167763685467, 0.4572373948203464, 0.42774786874141446, 0.18561209410018542, 0.9869910234222529, 0.5922783079542692, 0.8677158831352823, 0.4799353439168609, 0.029492161758853608, 0.5026385978030029, 0.7271376524935499
0.7360593334562485, 0.8259867303003839, 0.9080872207354569, 0.3508489226681595, 0.8909291665285853, 0.38912604055691924, 0.8747130909798627, 0.6919305477049229, 0.9711275741778055, 0.871736058261752, 0.980042271906445, 0.5312459119364443, 0.2621225830211934, 0.03156071284501216, 0.5006668356881747, 0.43685013093640424, 0.9778249314059351, 0.9343332994130851, 0.24561497571987023, 0.7254955745842258
0.868751739589794, 0.5807042994208853, 0.41106319461481056, 0.7643651467279493, 0.11404839428668379, 0.7798443833458995, 0.4448194277816926, 0.9059379241785384, 0.10155981045555351, 0.6396322992893447, 0.10891638385820346, 0.7014378177739714, 0.593935132540269, 0.8664163618693961, 0.2372169466906705, 0.35915800630933625, 0.6966081216718227, 0.1683232741632823, 0.6266970249455259, 0.3006344632873498
0.9349920167723134, 0.08327526662226392, 0.2667295647754403, 0.6792242027706413, 0.010603279404514776, 0.1964454977684793, 0.9584001525215827, 0.8663422685794561, 0.8937739753831845, 0.12040607014477545, 0.7528592223934385, 0.16800566966250297, 0.013842449160738624, 0.44487454681220273, 0.7041619916470256, 0.24188492215472968, 0.8079361099535127, 0.3852971231990282, 0.7032465928888275, 0.39036432088235373
0.2773309302344745, 0.685369886919847, 0.550241551238843, 0.8448167082827456, 0.3941708065985462, 0.8777758839085706, 0.5976531081415002, 0.49157136358162834, 0.4258586389873007, 0.054546727439982456, 0.8463894907862175, 0.37888121931747887, 0.11353012679768737, 0.30362111619637466, 0.9841831565829541, 0.1342417630331495, 0.5260869532601206, 0.29214992084858915, 0.6176213732020923, 0.6187330894421076
0.6894491420028174, 0.32328684778429817, 0.2790549607778293, 0.09338320184978877, 0.5088338662384022, 0.9947684784875358, 0.3898571597599977, 0.3982738757014357, 0.4251500338777954, 0.11208362459503451, 0.9955810104779557, 0.18243092031861363, 0.9324603909356551, 0.9825557390238957, 0.09325234728599241, 0.3071402646104906, 0.4947499703203605, 0.6941966981408493, 0.24426642712172608, 0.4960238838842549
0.8678957449368062, 0.6110742873208674, 0.3925580663892533, 0.00018532457054099005, 0.8340752364264558, 0.3223356215365708, 0.6898711587620895, 0.48649900171348104, 0.81174296615484, 0.48446368073860835, 0.8493472974677839, 0.1948312895442461, 0.12995935122940638, 0.9940668102271928, 0.6890899648479261, 0.2829352925537034, 0.5390744727972258, 0.9494483520258967, 0.3807377988970557, 0.5592918982599501
0.4469494153326783, 0.9693517171164359, 0.6128543207502857, 0.6315300878387989, 0.6398892690797682, 0.9082170401322025, 0.7312030643409205, 0.4061587915750229, 0.12060845615192173, 0.8259411088479841, 0.9305752183208885, 0.6454442879407928, 0.3208100534156777, 0.2633547368875867, 0.408745920113068, 0.5757959564442561, 0.26481296677299526, 0.533128656254972, 0.10376097614245061, 0.7718409012723159
0.050838850773594624, 0.855120079903409, 0.9585414948517368, 0.5430698481001389, 0.1869608832975057, 0.736791420864022, 0.8499251554159343, 0.2254195347062291, 0.7560949279998974, 0.6551887300468767, 0.5693394783902643, 0.3652984987007193, 0.1290843749520728, 0.2967110202029364, 0.7719387768963729, 0.8846269923656199, 0.011508794130192235, 0.8969183278233924, 0.31772247026711686, 0.1548117389737027
0.4610842827854187, 0.9839571399727791, 0.12743771891187083, 0.7118174715333073, 0.07517141918566006, 0.11583009920393261, 0.3605370426527209, 0.6782451657711783, 0.7749900312627293, 0.057305123365131494, 0.43842001181103774, 0.8302715910798811, 0.8906845427409434, 0.34191058090365933, 0.07341493929814247, 0.2729393550242948, 0.15110858041153097, 0.5038626257044028, 0.44024871580866765, 0.13142342036994925
0.6871456629332632, 0.3218864100070695, 0.3539642634323117, 0.47701026428208404, 0.05170513083189432, 0.008505077110163906, 0.2520210205671052, 0.007357071276964722, 0.1796896114757034, 0.7858418890531498, 0.7012020507905994, 0.5834059868300311, 0.7390767770732458, 0.005167597484431519, 0.061844265750776284, 0.8313432312508388, 0.8428972067668525, 0.7869787033002427, 0.6602680096483917, 0.7637687338578246
0.26420725976263326, 0.8256996212239508, 0.47145902238304627, 0.7747000567509927, 0.9376851384229145, 0.17379727820101376, 0.849585309104987, 0.8329120005952608, 0.6771475042145827, 0.4427661610151856, 0.8646026338229925, 0.5697560307629327, 0.7754110613823958, 0.43540439828706456, 0.2990410497873436, 0.850480085502033, 0.716674878598087, 0.34083346305070983, 0.4158074685524582, 0.6009885253054945
0.9494053740223, 0.7215728856072662, 0.2579103836923077, 0.5510514063436478, 0.021397904547935, 0.5687721020703226, 0.8113316181418956, 0.4828842386301483, 0.3082101558373068, 0.9940502715511518, 0.16050342188930045, 0.9707622959448742, 0.8609849911505382, 0.8840630233146932, 0.196447053303753, 0.03422234736145435, 0.48267256195895225, 0.08697741396393743, 0.56299151607179, 0.6503488208659615
0.009851893822087843, 0.2585128268238994, 0.20531326163439212, 0.8338086677798777, 0.8187110232468624, 0.035235082264613915, 0.2921415207197514, 0.9133589805949889, 0.1086845859808171, 0.4567959603005177, 0.2029967481344931, 0.6267672930237168, 0.8140527619285405, 0.9408613755817848, 0.7916229615571366, 0.053665977122711706, 0.05023781467950372, 0.9868807015498638, 0.5132620804377697, 0.8736254700870887
0.5991060753087347, 0.41475430617192677, 0.4423269210992494, 0.5537050888491516, 0.9042956637708877, 0.6193722833578039, 0.2963970427406576, 0.9620980630423414, 0.785659392446096, 0.6332399630060715, 0.16268987175040073, 0.27868453878077026, 0.7114945830749105, 0.07476693504763199, 0.17317780769767976, 0.8153828496896988, 0.9409174371541499, 0.6826194860284909, 0.6729045615644343, 0.595035815106405
0.00012084129280609535, 0.3142803495319023, 0.44999142007204107, 0.150009538146315, 0.1820541262279014, 0.9562225543100854, 0.07872640756784699, 0.5207140063142419, 0.6504943867909645, 0.6556753861742972, 0.965745806250583, 0.2734734694877352, 0.6031661239832097, 0.5053636970052341, 0.5801309712478424, 0.7326713262287842, 0.2723071584610376, 0.5147471164907635, 0.14153113663856542, 0.5208507860686732
0.17395303872669987, 0.12657745502173767, 0.5316538977509989, 0.4111304695886303, 0.8657594634838369, 0.4927865240367507, 0.8043057621874479, 0.5363385087740984, 0.3800776287053037, 0.3541517970067315, 0.7406274857415784, 0.8507233143138746, 0.19467550499565223, 0.4340428178481125, 0.49180363615728195, 0.6758620711779747, 0.3323945723452676, 0.08187603556187784, 0.4286632880027934, 0.842571827738786
0.6037467702221687, 0.7105411664364903, 0.4745112988276602, 0.12850832084665875, 0.6110867530431497, 0.8931198879241623, 0.8203530258248435, 0.45482531980661, 0.1529644284056263, 0.8756727109272794, 0.5033724118379359, 0.7157705008638506, 0.17276186561785944, 0.7084812677675828, 0.36532786147326457, 0.00826352720262058, 0.6393280304978678, 0.13759828648541195, 0.9337162895678035, 0.48949396864981054
0.48362492420101677, 0.4852596156689186, 0.969365366433837, 0.16324012440214886, 0.6996591421898316, 0.08590515653844066, 0.48620544759280393, 0.2173109546938432, 0.6917103067397501, 0.5877883030380586, 0.6622602080153941, 0.3546761808696318, 0.8828040134951229, 0.08224296386498497, 0.170732079414175, 0.7968714576091395, 0.02900435817757885, 0.09793445379403298, 0.9634340164268123, 0.740587537705768
0.7266740037974685, 0.6040530638191525, 0.5267140421135499, 0.9297497652843761, 0.39210324838547017, 0.40872031023410227, 0.9354929445136732, 0.18179663041282523, 0.18696322582831193, 0.035286645297748165, 0.5983621929179102, 0.2474222958657193, 0.5759595420473334, 0.216853605395798, 0.38206155186962154, 0.37163653755749504, 0.5062688413949852, 0.808405188507623, 0.849535502390541, 0.2794898459963675
0.1756715860557121, 0.30934365954660237, 0.8192978662014946, 0.9179820898980419, 0.5971160357100724, 0.6427087932012626, 0.39697149899773765, 0.0016033431473916337, 0.6312769600393885, 0.08161807631268114, 0.6110984231761715, 0.48598347248501317, 0.35760431759015976, 0.18124939745816881, 0.16618744409188857, 0.19888528689313034, 0.999327798545378, 0.4608618088032712, 0.5799247768026005, 0.6789695314526051
0.15368744148777458, 0.5093913089358679, 0.01238283362090109, 0.6548920750982586, 0.594005061389955, 0.7231252751965934, 0.36449633134071113, 0.577100566458557, 0.793154355512618, 0.24465898091005944, 0.31790546534298336, 0.8637182909531109, 0.6022938375023299, 0.8601140098046178, 0.9753839282822133, 0.01587414314225022, 0.9963542642575791, 0.929967593385025, 0.05726801576719631, 0.24398035023867048
0.6836303212868937, 0.48062969302915837, 0.5060779464744718, 0.36676065584336603, 0.45200116216101605, 0.11544794703285677, 0.13908080999766004, 0.24514354999057664, 0.6608873401169121, 0.6803207101903581, 0.3259190072230074, 0.7524194410817163, 0.8979210584066024, 0.9828953780708, 0.6414714152035463, 0.6878193836040961, 0.9695922588092761, 0.6088545701753265, 0.09753715415925701, 0.9132534169847056
0.557904215074564, 0.6936127136170362, 0.6167643926987993, 0.8103094917457594, 0.9764656536848066, 0.9729403353613769, 0.9353313244682635, 0.9594213099900671, 0.6423095429935547, 0.27436083330418093, 0.7289585844282709, 0.15557378621367246, 0.9857183295399697, 0.32428363059369036, 0.9471828351223281, 0.29675527233690835, 0.13568673977667278, 0.2264722225039567, 0.42585619731544644, 0.7052917254944876
0.16029044546850013, 0.2696990498068701, 0.9332499627073912, 0.5960646275830063, 0.06615161507165102, 0.041344638911056775, 0.8707194081716482, 0.7023110470699123, 0.32617886789734474, 0.5126193038851348, 0.7332773951458371, 0.18006151479667398, 0.051208690353154784, 0.09699998414393207, 0.6787545727999164, 0.6612512773249537, 0.3217299401342132, 0.10304168821980708, 0.1661019134345857, 0.5186616421796654
0.47129396413998914, 0.038853565968720916, 0.7997812964275879, 0.15197548467095756, 0.2618637065395868, 0.9918776135664839, 0.9634828424711602, 0.8321761550896033, 0.38539018632659694, 0.20529529868505336, 0.05129405993689107, 0.6695796317385092, 0.7215133059845016, 0.2402340236260736, 0.43821302767294634, 0.4085583612059853, 0.9432944550066171, 0.9422718639625728, 0.312734256918498, 0.4216700259247683
0.35043351818965596, 0.3634904509020245, 0.4335321978142449, 0.30373676511493375, 0.16929113249507055, 0.844885029922928, 0.5237951764450757, 0.8327517598277195, 0.7567457506708303, 0.649606562346183, 0.022889751616987475, 0.09298328382404697, 0.9352124008552852, 0.6188234996227057, 0.5166683441362095, 0.7139971813151864, 0.10246196638635419, 0.20552926524343507, 0.6827091879120911, 0.6972217894564923
0.5287496633213666, 0.44942795828731996, 0.1983888399796928, 0.4266157930751793, 0.8943382520692569, 0.9927415198564458, 0.1268582693498952, 0.2750474892862962, 0.5548702609819831, 0.08826403258403359, 0.7732413235420698, 0.5520767546491429, 0.5537510713102063, 0.7154305966510751, 0.8041162424755263, 0.5644188039790776, 0.8820145342323928, 0.23662606240784056, 0.8548797720128901, 0.8966946732531651
0.4133581102454392, 0.39585861775099773, 0.7312970397808137, 0.7123602770202178, 0.3047620584311216, 0.6255256551147665, 0.8447647239640736, 0.6726462624544453, 0.1843088545403453, 0.5899367444410196, 0.5036243807695878, 0.9773220172200551, 0.5816780853901427, 0.8713763780948666, 0.43257734692416716, 0.34978413014624343, 0.6038893172889297, 0.3037406828959507, 0.04448032285034431, 0.44985022109761685
0.24723348354923325, 0.8469539212386913, 0.23093066857809874, 0.6801095382549266, 0.4663810076629381, 0.011123116966431645, 0.3475736656221493, 0.09753788052945911, 0.5589766689760669, 0.9404790218346922, 0.1340571373844065, 0.15678070345001793, 0.4719885835320675, 0.22112864605448757, 0.9644550040773051, 0.23279397688705572, 0.8445869104265813, 0.8471867007565087, 0.9647075051631625, 0.6537349071476839
0.4852464308010076, 0.7274002737563917, 0.9876935653199495, 0.37343522405592877, 0.30374957065386077, 0.06906823543015861, 0.007351021424333859, 0.7773997881115225, 0.8358829147672941, 0.8563769646567967, 0.2748483182008147, 0.5896588701621213, 0.2790004696390527, 0.5513476785685458, 0.9873411751360026, 0.4525594675542345, 0.28289962244932443, 0.08365661791209489, 0.4054606938728451, 0.10661582025422267
0.17929706360101627, 0.12327022734011384, 0.3782133620384046, 0.005845226441473894, 0.0998586116140574, 0.2815740196322346, 0.9418138638656712, 0.2519346669829432, 0.9358839224581554, 0.4223679645412445, 0.8841488950359042, 0.597540992142775, 0.6658236504039547, 0.16628723951713287, 0.6947830404186947, 0.10087155217591437, 0.4274666677029082, 0.659984792836461, 0.8178206957730367, 0.39699094414446323
0.28324848601079633, 0.6832819340145079, 0.6922741160260588, 0.40745331200060486, 0.5853465067323007, 0.8154900262100442, 0.8810718059352672, 0.7883469805395076, 0.07665615268926484, 0.03936499950757, 0.8323067404094249, 0.1661747038817798, 0.802589255928368, 0.27316662146406734, 0.06111968187747874, 0.503694584569538, 0.8044055505623251, 0.8640865953226047, 0.6660719698047306, 0.9290713711277788
0.24809318019533466, 0.6241643681819582, 0.004026398282065302, 0.6689436496929094, 0.002151307052880136, 0.08998882996829638, 0.7642066665740079, 0.947749761885602, 0.33423840185352593, 0.06766648675155573, 0.8131762396213479, 0.6637200637499878, 0.9424346820060417, 0.011191842736940516, 0.1668735914149847, 0.31490089705780533, 0.5843486818934973, 0.3473005228560039, 0.9785724350092706, 0.571038279463105
0.3609410632767669, 0.8188496694760958, 0.11198203713660715, 0.6807836365600896, 0.7488877367427353, 0.6623664405332491, 0.3119726331946726, 0.3887421366825279, 0.43502680219068035, 0.9321157135746966, 0.8075384299974406, 0.36449555634162034, 0.6068560926035999, 0.08226332035460937, 0.008423157110508228, 0.2656607386583877, 0.7250656923075092, 0.1380547947887104, 0.7744418849899699, 0.9314378593555019
0.32517118673868417, 0.7745501243469394, 0.000303225032725285, 0.26255452709222016, 0.5872531867459133, 0.8584734748902604, 0.018732643489855705, 0.458023081772409, 0.13513999200927163, 0.6764543725995862, 0.41902357509414634, 0.49815843081719313, 0.42572644992920217, 0.973756298569287, 0.3314453981089509, 0.9658249243425567, 0.6007665760883346, 0.13712525273422704, 0.9923140570070471, 0.3335107901466382
0.11761790413736262, 0.24865175426879904, 0.429338838982965, 0.5462361552391398, 0.7319739906563014, 0.3492421919038575, 0.16595860724185496, 0.793173895857077, 0.8840815557979089, 0.5353361086728469, 0.22169588805953644, 0.1442926988339055, 0.26113054935723334, 0.7858330691956422, 0.3279033081725058, 0.40639137316563134, 0.1477750778135124, 0.4903683714126843, 0.07064603001886727, 0.4446312378574063
0.5849491142890433, 0.6450051712174499, 0.20103463972936408, 0.9767481317298047, 0.7712501647918273, 0.5485238478409206, 0.897604918992125, 0.6140876640789064, 0.5158954774270011, 0.39094773007425143, 0.49785933150003125, 0.03150449961998547, 0.368582540930504, 0.40504685242404204, 0.03292907654884247, 0.2287977587431379, 0.4475473645918656, 0.4183355986507614, 0.8917488710929418, 0.012025431635541706
0.9377129856537101, 0.2839333982264476, 0.3302998333942936, 0.20407313177121, 0.25558229161584456, 0.6811614233225319, 0.17558511343981797, 0.06260549780575608, 0.8835970705104917, 0.5629456669527998, 0.20980357488167556, 0.009604262911810824, 0.14989861084027323, 0.08076490070300579, 0.4457777956659046, 0.603557895921811, 0.1598159236182789, 0.16404592097023318, 0.11561373179146961, 0.6404233932669504
0.9223591184540352, 0.17074439787544404, 0.13076609751980894, 0.6504757907052153, 0.6025039451693895, 0.048498899653023786, 0.47883680318275323, 0.39530940689254646, 0.8562851752397114, 0.08747869707094147, 0.7903273513507783, 0.923557865577125, 0.414288384004617, 0.08379265556030469, 0.5137982535823779, 0.071909003560091, 0.12512529448503784, 0.5156739459420494, 0.938384158607534, 0.49604309500624433
0.575474894209016, 0.4904924129650161, 0.18065348877735965, 0.6132894105160115, 0.6333463105248136, 0.7488749758514406, 0.7291257515594611, 0.35161189281453786, 0.21449292087608995, 0.6624821516869025, 0.15567463948213323, 0.3208473259764718, 0.09923672335428502, 0.213703274460889, 0.8971976439010007, 0.01596982476850739, 0.4373327132070328, 0.718532236146582, 0.7339464022594022, 0.15697768732935402
0.11111304326573501, 0.8796547000484464, 0.8506308757456719, 0.33780833213557193, 0.42101409858445504, 0.6636895354720338, 0.7114561491086715, 0.4731101127105666, 0.694975612163488, 0.9526772955361539, 0.2851248273698712, 0.7066374273911679, 0.9919579820464011, 0.8747381532581396, 0.9876054134206865, 0.8961483071677625, 0.3613064926123367, 0.6705178989272714, 0.454528275118368, 0.4782766823998966
0.07069969549284272, 0.4696631424732909, 0.4151374033261338, 0.8979023221143578, 0.33953215735127995, 0.40522196832876267, 0.4480896766954793, 0.8150150404068305, 0.8820489976458294, 0.15608022044708791, 0.6230934110632719, 0.35265932667333244, 0.6100657183901423, 0.024878784870018822, 0.9457482222566733, 0.6176192084607145, 0.08901900400205998, 0.3746542353184461, 0.2595114832308678, 0.14780962830323396
0.8239404963451014, 0.7919629101474533, 0.6033907731823468, 0.34343662551419674, 0.9352120417901619, 0.3004579828116092, 0.25068470361657413, 0.7246172545617461, 0.4919193028338379, 0.6927326329960037, 0.9911149894587973, 0.8425443985707638, 0.13558705248480285, 0.8093051008295115, 0.10903939187758249, 0.13572751925649262, 0.24519161756794827, 0.6654825691581053, 0.9032995264558282, 0.9592660890034177
0.3874388740649195, 0.30469538164344045, 0.7125886495023342, 0.5629344634682317, 0.7003010002099629, 0.5836135593637629, 0.6161999131396548, 0.6419407748068342, 0.18281683903579926, 0.1387133887133961, 0.28575130445157226, 0.08894755387515163, 0.292230748238136, 0.2812586013048085, 0.35477658659857936, 0.840579276146398, 0.11760443164656986, 0.48189970041788366, 0.45550369569111016, 0.566120086059663
0.6643720250977785, 0.2603298258533161, 0.43311274894927154, 0.01202020154300698, 0.21919159559219337, 0.10736640350890747, 0.5039323823061299, 0.1460955324567501, 0.2993136430553933, 0.5013904388491975, 0.8238657896282884, 0.952834559004848, 0.2852501583051087, 0.9929134193880309, 0.722963194258719, 0.5591198358956354, 0.7386795529859671, 0.9549796648225926, 0.21069606667552399, 0.9007535299033756
0.8211268898252891, 0.022790039730244405, 0.08708286166540258, 0.22391488551372252, 0.8850841310464019, 0.21039354817434852, 0.34320845195014615, 0.4901611476042973, 0.20249177757284076, 0.9074004697267541, 0.022349451947116572, 0.416807424494791, 0.07675267047796286, 0.9772584562434918, 0.21744237530780697, 0.7330392759499377, 0.1888101828700357, 0.2403592433130165, 0.3956566303583119, 0.9421346215229203
0.042563515444517974, 0.3136152935238631, 0.5703553776729371, 0.9364471505229023, 0.5754140449962699, 0.9968112968301943, 0.45554431718042077, 0.04685899046579467, 0.7530830719591883, 0.004741779700545123, 0.8050490329334062, 0.6186218360816259, 0.5726808668381327, 0.7597618280379694, 0.3255242188443529, 0.7760107693541888, 0.7143568228892515, 0.6159897370374539, 0.27804982007188817, 0.697688490590408
0.792643511921899, 0.4468812471369735, 0.49624073397435675, 0.6399946156201404, 0.2957230070305843, 0.751159769342172, 0.8210046957858051, 0.40780045770788664, 0.6354625436416498, 0.860081678483938, 0.4231456107212018, 0.45421189075221535, 0.5429010542890296, 0.7798261600743667, 0.020394663599416663, 0.034486587187226636, 0.6344203695744156, 0.03408269087385296, 0.2268959364640608, 0.6947676778336912
0.41971988039158115, 0.5737591804762349, 0.15317058326662436, 0.707590981888864, 0.8608709967540895, 0.11964962918918343, 0.4877486451999916, 0.664262698319101, 0.15616947909531398, 0.7228945824982123, 0.5506168373949403, 0.5562910303047652, 0.19965659391597113, 0.9186614492488283, 0.27074743144463076, 0.5269916675635414, 0.2823094368304524, 0.6979921993843247, 0.8958038196303479, 0.611939242443082
0.37378025078988186, 0.24896654074577707, 0.47586697603343453, 0.9714633722680873, 0.10828232647360125, 0.518112724639062, 0.19929028166352225, 0.04020610328255947, 0.8629784504026415, 0.11275331388832799, 0.9392290109507176, 0.1487150993307853, 0.9873718968361662, 0.7661702366958791, 0.5724268822934007, 0.004092854950304203, 0.12673118762965851, 0.916606913894867, 0.34127608208150584, 0.5701573407033022
0.8086573645625258, 0.4654076051986197, 0.5108249065396453, 0.6682084977580105, 0.5955846693659141, 0.4677300344785815, 0.6051008094780751, 0.5927732707853178, 0.772936540040806, 0.03441580922398879, 0.5882469196810979, 0.24580843294069576, 0.3499875922022647, 0.9627724092724352, 0.8744247515468173, 0.24494443988352277, 0.42244904960534524, 0.24164382967383935, 0.5223487045879346, 0.9541832766207785
0.10527805126737433, 0.396040301909958, 0.43871596191711193, 0.10410313832320761, 0.5314896851016935, 0.9221087957129595, 0.6939905147681256, 0.7599926670135694, 0.5442008636110175, 0.6178062337118412, 0.5435350331003213, 0.03621410603620556, 0.03691225201724069, 0.7387374093482959, 0.9513200766712033, 0.5914240300462497, 0.631980686958068, 0.864492986352754, 0.6019585833664057, 0.18281211952291165
0.20628694647201695, 0.06999237512708967, 0.8023370129341028, 0.4470871819612897, 0.4221726168865595, 0.44236286540191827, 0.2013672405160244, 0.1256354506358236, 0.4823556616072133, 0.52016020855581, 0.8582046510507361, 0.18136500949275347, 0.5486501623178052, 0.1483744118351975, 0.7119368286992979, 0.44365468804178565, 0.023464300341707323, 0.015796603272733578, 0.5200842109270739, 0.16051341422759313
0.8086312616838522, 0.8245054231080656, 0.6647068700053793, 0.25010408171209353, 0.1828794823179304, 0.3869150034239225, 0.06578486691345098, 0.7842211239453103, 0.014142350188301789, 0.39634484820071325, 0.6948196793943585, 0.8835238362651566, 0.007601465474072477, 0.29984034333661413, 0.8398468596304275, 0.04785136418751024, 0.6198346898790719, 0.3491969795810156, 0.48508909560846236, 0.1973157251347255
0.5437513429319534, 0.08467843396544672, 0.9750751377889199, 0.8330603132871054, 0.04032524817062477, 0.36364163262516536, 0.24468941651683562, 0.9009109019123644, 0.6311084719166835, 0.2764829502807644, 0.8450214219123418, 0.4177604237187821, 0.8219328339573156, 0.23781035832369835, 0.8015557623343037, 0.5420073638361514, 0.050605946417122016, 0.3770373035210318, 0.2597374721805793, 0.26587474009503664
0.2026091219117665, 0.11934790249916838, 0.2567877655782007, 0.5907373103214073, 0.9600217016708857, 0.09638475961018234, 0.8172128033943262, 0.3283458862433545, 0.28370685617910907, 0.4620858788344723, 0.9131683717245166, 0.16323963173453604, 0.2950520461831193, 0.5010431756872724, 0.8767484135417748, 0.4849172099685025, 0.8947484215509123, 0.2167481001954208, 0.13516366756720233, 0.015218050811573569
0.09801205433799487, 0.9086761881968408, 0.7356697785464975, 0.9606063539634921, 0.353089623065831, 0.5900488701842933, 0.514643964416163, 0.20088322569348405, 0.41083645416489567, 0.8971060877363771, 0.01340091447012437, 0.07761227881734467, 0.4812800295503682, 0.2232288119131628, 0.2671177749771897, 0.09750749329874653, 0.5136486465980472, 0.5150693781148716, 0.24622362066753023, 0.7254268464116019
0.2888841264963862, 0.14824825224169225, 0.40541213845128443, 0.3363880555240297, 0.9779760323401607, 0.15886188533325463, 0.2767367234433318, 0.09597678189761139, 0.8531366802051324, 0.32599791378764986, 0.9194321343610136, 0.722613391270376, 0.47615019445479634, 0.4055913149564444, 0.32883223728230104, 0.45824122670872414, 0.5705261043013206, 0.9798208135801599, 0.1290558011038253, 0.8671041604894176
0.8025272185591857, 0.3556228346601684, 0.4156900575964787, 0.2766685755670133, 0.9089193937366971, 0.011708206714522773, 0.8428305639430285, 0.9727687722063971, 0.6682003471649791, 0.4191225181580923, 0.03561365633612146, 0.1557331564815877, 0.3485322913281269, 0.05591607087098216, 0.9989399933493046, 0.9261367863582685, 0.2607162828623444, 0.7497502581558829, 0.29685870840182127, 0.6939982869866775
0.23574363642623963, 0.5023188655217089, 0.5311922902834633, 0.6852935595430085, 0.7623511903089103, 0.34863844909877517, 0.027958486933836735, 0.6191648609484232, 0.26126316582115816, 0.7699376985742987, 0.9089496779765417, 0.02190279400360351, 0.22167386420168345, 0.6413577573675006, 0.5893778664927549, 0.8616882345336444, 0.3820654763479927, 0.11491645339982515, 0.5534745754790146, 0.7228720903067634
0.7497124054538272, 0.7422233789901832, 0.11773706028605024, 0.7318652957905927, 0.37263960540745933, 0.4305000510724448, 0.1870372452788619, 0.171259185466327, 0.5100090637497852, 0.5510787141351413, 9.634107744049825e-05, 0.7268534488540584, 0.03086199287685143, 0.44537998102142395, 0.5311959222577444, 0.844968653808023, 0.6436657913820955, 0.5994352774284929, 0.8761480561760386, 0.23838824802279002
0.1539492128018385, 0.07369975261068229, 0.41692595705789515, 0.7469798436489288, 0.24760542955791853, 0.4373397757160148, 0.03184846510676398, 0.8343112756329111, 0.23901982880532036, 0.768807942643812, 0.7292181365052075, 0.3682408793037131, 0.6855207826663998, 0.40497923669575187, 0.5832976060544018, 0.22401452197622074, 0.232296682502663, 0.7967033846805783, 0.6689853002596623, 0.9646449922255638
0.6515687728359779, 0.5589740390581068, 0.9141894040875286, 0.31883466092205404, 0.5702331169784095, 0.8771629865257293, 0.21518859926398393, 0.09800488420610565, 0.47591462613855917, 0.5439904857116223, 0.18515951635804906, 0.8191186769528638, 0.9966571606935944, 0.1713018247405128, 0.15357293928974214, 0.8359486852489645, 0.41078135294084905, 0.29551705337238876, 0.7503575106280496, 0.6048510835107686
0.3901577129531323, 0.5197842670412762, 0.4703763725708311, 0.941889172891134, 0.6306671567465104, 0.15949220862131108, 0.6049041797697315, 0.3645672309019726, 0.22393352400345734, 0.7693210880487533, 0.007040536298841382, 0.1599490257177918, 0.007797545182370302, 0.15662173045353078, 0.8111298570101735, 0.4342443520785082, 0.206730258462413, 0.20436748356164935, 0.28381946377167866, 0.8547469208474703
0.2251720759087117, 0.568116600300118, 0.6178375565549933, 0.38736545118149646, 0.8666390864603942, 0.8719081156712917, 0.11396532601021214, 0.9832448185919948, 0.3264015901346292, 0.624255134899886, 0.11300120296837635, 0.9775502562043005, 0.8791726187735006, 0.41912776871313884, 0.4926853625957136, 0.4343183715167912, 0.4795955130291558, 0.3270968958234811, 0.7520605060312704, 0.5447878341847858
0.4906452154182903, 0.41632293004656284, 0.06976846060304975, 0.045441169404606074, 0.9966264295975957, 0.39679262772509827, 0.027957910395914554, 0.8729866082177387, 0.8084129960561912, 0.5080017810347949, 0.835356990270376, 0.4831378049580719, 0.5726795953007308, 0.20769078230276172, 0.4092477300601214, 0.5094039259264667, 0.7186998412542134, 0.27884003247849276, 0.07593694818588936, 0.05515611263457931
0.07080621787242847, 0.6056146849962593, 0.25318881141832317, 0.9891268937626245, 0.4505874882221914, 0.06464382085196785, 0.7833517925165523, 0.9355345178737652, 0.035376383174871795, 0.010952117472910583, 0.04313589011786889, 0.6216924751426225, 0.8033438968604629, 0.9838762559342239, 0.05819281066653603, 0.46759502616216664, 0.6698528527907448, 0.989905639268776, 0.8125980993908551, 0.0980410328052228
0.5547510240055064, 0.22217178509717483, 0.10382604813111607, 0.3970843610406172, 0.9706295830517148, 0.041275626125490295, 0.5853145634731832, 0.9439102354063673, 0.26092357722602744, 0.9548381963225487, 0.9950698249525888, 0.4820856534234169, 0.5617437253188272, 0.028021134306992712, 0.979847893840569, 0.5018648142938043, 0.6080048195213887, 0.5753911451325658, 0.5903435841867589, 0.5843817057600509
0.7564620825308851, 0.2320004269505458, 0.600062441847541, 0.8680857099786866, 0.8266600269783991, 0.26360293411624625, 0.6606794698063598, 0.19112603398157368, 0.6943363126436168, 0.19804096300995, 0.10598642984320505, 0.26994721107992337, 0.23147525257698598, 0.1314906629484699, 0.5860871266095341, 0.7478416902318362, 0.42480862399463415, 0.5997946060145108, 0.633931595608067, 0.6431840452282862
0.25449233427243656, 0.03604083489994614, 0.9709130141030258, 0.08151108402545626, 0.6517408943793539, 0.2251852403672161, 0.23296461795713463, 0.2646788670279915, 0.21675202885357225, 0.06996761953352759, 0.03308776600193197, 0.5794923213307445, 0.25368938652578277, 0.8684317861289602, 0.8596896208759034, 0.8075079611680387, 0.0051616921806602045, 0.4178494527741481, 0.14255562452776183, 0.41516718097061056
0.8174779861091455, 0.4622587928974641, 0.0007783797248005486, 0.7128711743582206, 0.6015258792274181, 0.428236080049061, 0.12141969114958007, 0.7920716411397911, 0.8104422713539086, 0.8520371736280477, 0.34677238771353025, 0.44070875479630434, 0.39418816376769905, 0.11443118386819706, 0.18318925226404947, 0.8818618593392765, 0.9955176614946601, 0.32402348669607073, 0.9455900922321367, 0.8127781769204476
0.2874459866221951, 0.7882205812859138, 0.042709500392370425, 0.43857095326427564, 0.32873505162391603, 0.05903691197908234, 0.1410973484509539, 0.22847665854788834, 0.5467369084783427, 0.18484099552911692, 0.2684482636928509, 0.3499246953484404, 0.26799366358035825, 0.24278757545841723, 0.4046813282973335, 0.2970883583102203, 0.7395914628363286, 0.5425471630261083, 0.4230935232864881, 0.2939206879749927
0.7747309738964642, 0.6078357327012786, 0.8127034315380547, 0.9174248149129399, 0.4279175192326361, 0.0090374731188686, 0.6872721760046612, 0.7366203025270002, 0.8310871332363918, 0.6331377080141102, 0.001576570863273341, 0.9691102528488675, 0.5500175716513637, 0.08284340768416976, 0.0799626356428681, 0.44352544265560134, 0.9834987297494877, 0.6145623043849766, 0.5571578517540996, 0.6830471898506041
0.6063347754843639, 0.7437621607120537, 0.41566073785761004, 0.6595156653643687, 0.0636163887492569, 0.31675391621268145, 0.9844430373127051, 0.40967630987038484, 0.7425540003756125, 0.23203782319100552, 0.7553976920161884, 0.8616532118112908, 0.9728694241328556, 0.1432634776180658, 0.5246059980643158, 0.5595947140684766, 0.19313735206979088, 0.46581075057297716, 0.7672505552261035, 0.948285660419575
0.4362745986674128, 0.4954020278579273, 0.4506733632315787, 0.8935931741679047, 0.6802644923240054, 0.6189604424752247, 0.054045448147038266, 0.568694685628021, 0.7503833942468155, 0.2818222105125877, 0.4493789751399353, 0.03508941437526514, 0.7858303378672599, 0.21746101858450606, 0.2739260671646583, 0.6663894558881303, 0.4855647188902875, 0.4788520576628692, 0.025533891094831618, 0.44322290823816524
0.7960932490797997, 0.4760435357998061, 0.6064758943398573, 0.8463576239749603, 0.4418719569713937, 0.3384929020985905, 0.13592020673327954, 0.9222708095599648, 0.01798101481916692, 0.933721659378919, 0.9868379802980408, 0.12340315573984662, 0.032482094265264494, 0.4682560278875212, 0.5323953102106868, 0.13987452682235302, 0.7550822465716028, 0.9090050189497672, 0.6328007798162065, 0.48673284724014465
0.35083906615696436, 0.08840919968291472, 0.6176400423551979, 0.1923574393632913, 0.3599582628862211, 0.9100571929919797, 0.44525149304386613, 0.6972234970467591, 0.9647807396687982, 0.9628847407637856, 0.9828184434122417, 0.1644541018118505, 0.5414637096925183, 0.19648426379442008, 0.04104411336887559, 0.4291132633172313, 0.9816303118848698, 0.16000908587882623, 0.9458246597303128, 0.5782979491636032
0.5542721858181949, 0.43733689531690967, 0.5591613763525332, 0.7916409533916449, 0.09608977587200951, 0.256835541758224, 0.6268313007330149, 0.8335986198442854, 0.11568437220119232, 0.8689381980231767, 0.2845516991973205, 0.9548694202102316, 0.628661590431254, 0.17437581232601496, 0.729769476070588, 0.476611522099331, 0.397020636966388, 0.07467032428856413, 0.5780005812978974, 0.3384904487361504
0.8887198205071581, 0.10845099535476965, 0.09742645344107048, 0.7835176896304056, 0.232809405365064, 0.5067635924999684, 0.5571694525280747, 0.3934233013797731, 0.8599079577092894, 0.0705261383270831, 0.5267415907704458, 0.8881191903244977, 0.9245629490636671, 0.25117629361008587, 0.39253127045446345, 0.38537784537929565, 0.22727751789323658, 0.8705792383502142, 0.9171843414284032, 0.2686705414826175
0.664310309929847, 0.566191978105135, 0.7594260632058226, 0.7807625343929679, 0.2943388331154603, 0.09741089843357442, 0.20916515923925683, 0.4881640821894444, 0.9264641342427677, 0.32078639992657787, 0.8057938353350238, 0.7346966128816415, 0.43697030627697275, 0.6103949687351733, 0.7087265565207734, 0.2433863353858836, 0.5956867538137968, 0.48508893156108623, 0.728588333559988, 0.13172047748991966
0.2611310804383431, 0.08006112649900732, 0.9174250702267857, 0.18039875640942316, 0.21253291728603174, 0.03760804318280464, 0.046523276790141566, 0.3715092249327878, 0.39960698374084036, 0.07276299302552092, 0.26452792677047876, 0.22967251708402514, 0.8906037821187045, 0.5566210399875715, 0.10260692750215339, 0.39965591082489804, 0.4000180994939768, 0.20902308439152562, 0.6104597727410123, 0.956607231559176
0.9672232261083753, 0.8843074968379994, 0.07384157377982181, 0.004296763283688221, 0.8998554833969981, 0.6962889021023284, 0.6155112023832586, 0.18001292312521422, 0.387932369596546, 0.329367378153677, 0.7800335673074801, 0.9227919096817304, 0.485869708706824, 0.03656803346697335, 0.6904482961778703, 0.9310112868290412, 0.530132762825113, 0.35368122894907994, 0.6496216812233332, 0.9250230324087607
0.9325862312716516, 0.051392348239748475, 0.7866513684477536, 0.5894945645550876, 0.2695580985250917, 0.32422504794904794, 0.9098969065021794, 0.9581041800547702, 0.726013350608369, 0.38000553108253554, 0.9759137476168371, 0.789397206206818, 0.2150555548040064, 0.7772638590848914, 0.7121320191041186, 0.7048029853836708, 0.34266012075723395, 0.8094797455450449, 0.33208122113145977, 0.8336191233574322
0.3416378393136328, 0.6927055835044423, 0.8277506220216629, 0.1872121826128723, 0.47477269740013806, 0.761129125894529, 0.9553414803235561, 0.4375877561583388, 0.25028754521281105, 0.032277243518555654, 0.15069211835466323, 0.9401827374905436, 0.07518555642820912, 0.8291644138635887, 0.8290796694295663, 0.9502368161297856, 0.5476373093861969, 0.8732475005484248, 0.48070045276865114, 0.4904503285084306
0.5628103817116524, 0.16897839647530255, 0.8442737952350201, 0.5076450910098124, 0.4367703571716489, 0.6279632339423753, 0.683582747020707, 0.6213196306783395, 0.6638193619444842, 0.9687700338245058, 0.46919660365078775, 0.2923971431877471, 0.0374293945230082, 0.7395409021539462, 0.575394809882844, 0.41690776778005334, 0.6172619483133163, 0.0520676655783785, 0.8131775874122753, 0.702087294562229
0.8804196375984331, 0.8132853194536146, 0.05349572671492642, 0.12118046813374073, 0.5533820245276414, 0.09385403719037866, 0.45285711631839476, 0.31586606880975754, 0.542818927516728, 0.5603311018647703, 0.23736530537843914, 0.9829076148828606, 0.1223212273311981, 0.47065612576289095, 0.8070440561193272, 0.861410517118888, 0.7982276438508422, 0.5955211453416805, 0.13838151327153458, 0.47519123854366885
0.04446693956594394, 0.9625917501388033, 0.7105094766204856, 0.15907572572254847, 0.03098268580185526, 0.28709956447754104, 0.5700995157190503, 0.7511540937912552, 0.6145664601369517, 0.22902714040742422, 0.3579451479265795, 0.02630423842030538, 0.6574458736513062, 0.7964450095092044, 0.5532795026217054, 0.7378216152792398, 0.3772556658928129, 0.26244303884165754, 0.46386214924697755, 0.2207136571928232
0.005433486334558313, 0.14709791587581833, 0.8675800228779458, 0.16493138284611397, 0.2887292737338686, 0.5331623909389417, 0.28772443418206184, 0.7347102968452737, 0.6325536058852848, 0.9890603665539709, 0.3405321139663151, 0.8104918589905914, 0.09257557141083306, 0.953890593755298, 0.23934723870170527, 0.07290146480448745, 0.04676196327050319, 0.057093703922036165, 0.5777791278660483, 0.784008225538461
0.3317284123587785, 0.25510726533371264, 0.28876698453449323, 0.3850887983341328, 0.1754179013136672, 0.25778840188816454, 0.5231381195880509, 0.33562479839848747, 0.29444661198889877, 0.3590240591690055, 0.6046345924809938, 0.9439504670815043, 0.5736530915376241, 0.06464043581800938, 0.19559918792570252, 0.6164384542028412, 0.3933561854261458, 0.9731120512532901, 0.17175891158644918, 0.006380733387029935
-276.361164197,35.7349003027,479.680520635
-0.00451376690677,1.56834400822e-07,0.0211636984678
-0.00395793087063,1.04476913485e-07,0.0143399855433
-0.00552542845821,4.85792735801e-07,0.0181255975445
-0.0104191791387,1.07980965088e-06,0.100969965809
