$x1,$x2,$x3,>>f1,>>f2
-1.9383701322299438, -1.0530834976820733, -1.819944287999872
-1.9652605656724065, 1.9236498404872568, -0.05057705843017146
-1.934082153815606, 0.6810507437803692, -0.569347665354218
-0.29862706762298297, 1.2447129794616765, 1.3866481582957837
-0.1812163132819986, -1.3878195438906422, 1.7197037807734348
-1.5018608560805418, -1.7772294787367535, 1.2040003748646728
1.7076132953758298, 1.3980433905221679, 1.2177980986007029
0.19774069471654787, 0.36800500872698505, -1.536299813839726
0.23687285918776757, -1.2290710663023785, 1.3508447745553007
1.2461149700469512, -0.6014405303627348, -1.3026727653992003
-1.7753991913089213, -0.03045058197551942, 0.24117034267290327
1.5808901600522405, 1.6107212077271775, 1.7574582150442661
1.4327750659040608, 0.4324726849328848, -0.9506205262889216
1.4699547500206247, -0.22601257725778545, 0.533959243738515
-1.8728532017325343, 0.5235099763795352, 1.5101586893217904
0.7841899778336274, -0.3349470788032112, 0.07116158491821034
1.960944802738454, 0.752521612499006, 1.9397692045736505
-1.7612359560118551, -0.834541627330605, -1.7521175141127174
0.04850224889613797, -1.9487591108936715, 1.7273807108152588
1.9703034762480165, -1.9218411789568783, -0.8174851701002783
-1.4863747342909517, -1.9785978228118943, -0.5379001749880867
-0.000721578245974186, 0.1475077003087253, 1.6250750430685437
-0.21101635609213565, 0.6474335784685961, 0.2879822966952541
0.7438990182806187, -0.9820461914783931, -0.9717269548158165
-0.7354955009982898, 1.392948417268665, -0.3662275893325173
-1.9146404343997392, -0.4148810103037679, -1.9595630685162329
1.843220368592219, -0.6640173208719151, 1.2889149509213915
-0.29402362478965527, -1.5197889111142202, -1.7617802621636551
-0.6326371663295807, -0.7970964454820368, 0.16348062194620416
-1.620071602871275, -0.9854865579535095, 1.2304396447869395
1.8362389492593367, -0.48843369240366874, -0.8428194965043088
1.962037798746909, 0.23582088427963077, -1.43317014422075
-0.11143451370102131, -0.2102382321330496, -0.23362297450936031
-0.30360958218751355, -1.312061503188641, 1.989390068475561
-0.9278405061268211, -1.5428714107904584, -1.7291450549748277
-1.706920502764301, 1.8980603814068782, 1.4051715786108798
0.5889596223792726, 0.8166686458920278, 1.5115880890607474
0.7843370053874876, -0.2678849188997008, 1.3739677604114977
-0.0618759422884132, -1.2322149661133026, 1.8426580167034907
-0.9680329948944344, 1.166819550678499, 1.2994192015920683
0.6182413739614443, -1.735586152987819, -1.9882412420703899
-1.2563821264122588, -0.6288151451495141, -1.969550409469281
1.3699925401676962, 0.9351949502615438, -1.6003738135833538
-1.6789187438515132, 1.27488348931711, -1.5932877757866084
0.34481395629888967, 0.22480728324599308, 1.4822418837866467
1.621531622035746, -1.7136437669494629, -1.5536013430055906
0.07472096671853068, 1.473300806192523, 1.8887583174276559
1.924495385769918, 1.3757358133988196, -0.622838719516472
0.7899802947509889, 0.6757439037566555, 1.8919547658743552
-1.092627918385619, -1.1280733012117028, 1.9697521479300275
-1.5349432937416845, 0.47695436367626476, 0.045307515399159115
-0.3721730644813164, -1.4869472287231997, 1.2532970170600768
-1.2173304583947901, 1.8025958638104695, 1.1029599954764198
1.552831520532119, -1.8696264304256438, 1.5437729123837016
1.7930164797324362, 1.3375140780674881, 0.865307980075865
-1.7085702895364387, 0.951527921622533, -1.5376395107244738
-0.5000751857382864, -1.1862424281147348, 1.2901138989227245
0.9680707895298086, 0.742913741078159, -0.24662607880251075
-0.04701788790073236, 1.5235844747926857, -0.6726560786318809
0.6012878040378293, 0.6518238240350809, -0.12046449365240708
-1.5407284569602169, 0.7802882087152194, 1.0321585500489783
-1.947637512030501, -0.8409026071530734, -1.41496747957535
1.1565359872991166, 1.8076996452251062, -1.0105182727786644
1.9211162457340496, 1.27924148253769, 1.3200231364634791
-0.22303820093387827, 0.28984129373690015, 0.11469803565377834
0.16422796222110003, 0.9815765874471611, -1.6375940846958215
-1.765607433726137, -1.4956185101235735, 0.0064770266297138335
0.372902078317634, 0.7568598371840864, 0.826467175825913
0.2387759502381872, -0.3560021166923999, -0.2998503376186896
-1.7423448769810204, -0.22621174370347097, 1.546583823293787
1.7968704432822271, -1.7671551973114323, 1.83585996454073
-0.07970968328387018, -1.8188322509409938, 1.05540301578967
1.0637281934067326, 1.0595813176152733, 1.967883444741866
1.0052809326818943, 0.844751638527689, -1.9332070026678658
-0.8430206654494583, -0.7177584289832328, 1.9088245218455482
-1.8454426008751508, 0.9510190189435654, -1.0158414883913665
-1.909276656837135, -0.9042877003075156, 1.8047249427273817
1.3449840433270208, -1.9238899887654526, -0.2224226606559081
1.639301277213605, 1.6602252445124783, 1.6148442368381208
-0.8979014413234148, -1.0338122570673773, 1.4950948843075436
1.3430012061863312, 0.04295865141139066, -0.8780426083277901
1.9486074953779187, -0.33755661000419135, 0.15830768772450998
-1.8712996401340254, 0.1221227165344505, 0.5262022197751413
-1.711761574839786, 1.4915139935308828, 1.5469197084293698
0.33979013062767516, 0.11269496963399295, 1.6196597806918906
1.7496081755864337, 0.21342659029060407, 0.7726060334729801
0.5823567205296389, -0.4932014274192995, -1.9836377652898118
-0.28018432744012456, -0.8114614620738969, 0.20883984440607595
-0.49655233688910316, -0.9220468749316519, 0.40166622113650563
1.8035657714739965, -1.782242201959562, 0.5363207595590023
-0.45690630954791445, 1.043317942589062, -0.1440284238030114
-1.67628683694734, -1.7073833376640821, 1.3810803521973098
-0.32555929660104166, -1.4899980317761496, 0.7556857918775144
0.9521090626505284, -1.1411916908270854, -0.4969131261019597
0.8144614172300071, 0.2825446900281676, 0.9669696062091613
1.466024238963346, -1.838569917368741, -0.9385837013413578
-0.05550074671593741, -1.9020688493835265, 0.1027197889273661
0.5304071452426347, 0.8828244328352537, 0.841357783524018
-0.8758743037876022, -0.5301132891541136, 0.2038599199883695
-1.9444860824202932, 1.0529423196118453, -1.1549293348848355
0.0434637821993,0.99167116196,0.999999690251
0.111865618486,0.991124933105,0.999998944859
