$x1,>>f1,>>f2
-7.841375343490462
8.725019065284513
0.82338828144829
-8.518149794307568
0.0127880313885953
-7.580777131952992
-3.7334380465093853
-5.2749857191138645
8.607014335328849
2.9691491557424836
9.261462675060034
8.434698764163574
0.4334984499601475
-8.808446824649268
-4.003609861975712
6.4727698930220114
2.2974370564062596
-8.884766525745466
-4.706691318629703
-5.941850384814115
3.72748466539948
-8.676243269748847
5.998613295483617
1.9639645423925849
2.044640673050715
-5.595711784744588
-3.492465484489953
7.228066798705289
9.259644521854305
-4.368326792154713
-6.203560542652708
-0.8492044768534974
-4.99141680056598
5.887673586939769
-1.4693802575905224
-0.01127455423297441
-9.432640287062783
-4.459859467648402
-3.412421007282191
3.080800995742374
4.634283539730539
-2.7421767088639566
-5.383167464572498
-9.362001657204997
9.683782778134297
-7.320910592122192
-5.5207526256827055
5.310841606719919
-7.971829618891729
9.566832685602115
-6.951672143149523
5.519845432642811
-5.836580827481499
-6.9507964411110335
7.419251320426547
-6.064796958753387
5.496341788802276
-5.2316858505886366
-5.448703885458388
1.2496029034521818
-2.303559417161141
-4.65561486745016
-6.146963027589905
-0.8349276843630467
6.949323457951078
-4.664682448452631
-6.7368261768115945
6.228262414575848
-5.517762680277782
-6.174650994882032
3.094718100441902
1.0584294706661268
-8.029683761337802
-8.717234459455725
0.6298729367881286
6.532395907872445
9.27103034467406
-3.610883152066304
9.195785969814434
-7.708230644062586
-0.6048041406592741
6.843491995103655
8.072626090179934
-8.578400355157417
-4.143920549695784
-8.578049838186566
-5.339061807696153
1.716338870648551
-9.51016840636166
-8.265786667609724
3.0888142172138817
-6.135124226030233
9.565434708151269
-4.395005558840179
0.1730040178576946
-7.214816949015419
-1.9830019454740455
-6.2831350155477095
-1.126053433915665
5.878347081589133
0.000131006275516,27.8397672111,99.694763923
4.55572192921e-05,24.7300852607,143.633670052
