$x1,$x2,>>f1,>>f2
0.7396746405015704, 1.0768351380035117
0.35796240154812864, 1.1284664327699403
0.7872188082267129, 1.0651885444926092
0.6973862136713591, 0.9998685983865254
0.9289281289232161, 0.6190096644884133
0.12918501171119123, 1.0827826072180047
0.875498188575043, 0.8214007548676481
0.9751144630459754, 0.2323220217263522
0.6337734926612959, 0.863946610824442
1.176127908580427, 0.6292184608248497
0.9875215830447308, 0.5020793140333804
0.5725381083464254, 1.0761136317656321
0.8185273042650216, 0.6534589500246408
1.0447010242148878, 0.7626972353124675
0.8436706732399304, 0.5392413504498483
1.0248403268178716, 0.8180497601762506
0.31467186831151084, 1.1151723457368723
0.9647387698496663, 0.808836373895788
1.1763357902309481, 0.6801027029102373
0.9762476406815797, 0.22573382041083923
0.9923255310655534, 0.28576925413041554
0.9062984957625302, 0.6911112303554492
0.6664499693154462, 1.042430418991107
0.22010768330903163, 1.1167707645129523
0.8832799805408671, 0.7722827905027474
1.0005058868757937, 0.36030292783338025
1.0182215314338103, 0.12228052779046994
1.0817084005725857, 0.7822961996134294
0.5196162495971772, 1.1260711093837017
1.0338915242081583, 0.635776269054209
0.6731182007612855, 0.9006593294390637
0.9033775898426626, 0.8393712658902106
0.8303131618092658, 0.933215491803538
1.1652938182466288, 0.32302648428664105
0.507420842439624, 1.20554386120381
1.0918966252328755, 0.11760162133435337
0.531321659970986, 0.9590099284053633
1.0488217779870483, 0.7579629849862983
0.8245872529288301, 0.5653503478379971
0.9343268567551322, 0.5623135550630742
1.0778675286667072, 0.7577576291614099
0.27169466339602577, 0.9859506349293614
1.121485553776214, 0.5199946216565148
1.0868401227718083, 0.26666047812646054
0.8446466480607642, 0.5674377479730479
0.701055028330817, 0.8408313826235299
1.0728188419028646, 0.19866266496115959
0.2279449663105768, 1.109271709836377
0.9984471251324081, 0.9196561121732509
0.40735725248919596, 1.0384360001398818
1.0351778544685368, 0.08664641071076096
0.7849936365620671, 1.1320381329917781
1.0401486470382544, 0.8454697373378828
1.1494945749060612, 0.7127078243513516
0.8983229874199283, 0.7733574026068082
0.7638156884645202, 1.005315915112841
0.8551312653030383, 0.7552081355679428
0.9853195289449159, 0.43177234210075754
0.3245969765854828, 0.9833949530283759
1.0135269788837507, 0.6052081897505897
1.01447129465474, 0.08182841664701623
1.1047978614593807, 0.6391740059747808
1.0704358806305247, 0.7028186780025782
0.4629565946179186, 1.1762642214202907
1.0998137519746747, 0.5915792917260494
1.0158763355658493, 0.5409723772985036
0.7765067555713601, 1.067073954608838
0.8767360987944688, 0.9516150456058998
1.0090830089674068, 0.40190513516238724
1.0212952966012372, 0.10959006470448163
0.8163967877355631, 0.8032044537163232
0.4349265269676361, 1.0192348952168393
0.4589070005520246, 1.0135281837560717
0.820688057936239, 0.752226998047091
1.1371004097400697, 0.7790863636207663
0.8762696135260857, 0.5450080278351397
0.905306914462952, 0.5968168717312485
0.8669745051040856, 0.5924698999040086
0.7855668767877071, 0.6909989989839294
0.49334341768084267, 1.1830207502533918
0.9759098213167796, 0.21394328706526844
0.23105860205002315, 1.0382021740003085
0.8275407291319987, 1.0846111577755382
0.8777521769957719, 0.5378323488127017
0.29427199948702, 1.112352932868017
0.9836924155663214, 0.2921292091023986
0.6209027310800774, 1.083878090497664
0.7527774826954929, 0.8820422923591948
0.9253463072845083, 1.053035384222511
0.22016956590184122, 1.0616451876215374
0.8560837557401473, 0.6731739271910531
0.7698728610748149, 0.6898768646295403
0.8367982989942684, 0.5219186561730265
0.5198242990844539, 0.8808072981533197
0.9677532666595052, 0.7039974026276519
0.4220924126201826, 1.060633790846781
0.5849397467786366, 0.7847091258539183
0.6996112696925438, 0.9518590928638941
0.4155266223931431, 1.074810324507654
1.0211883824559331, 0.8811361314788453
0.0813152037874,0.830051511665,1.20368009107
0.0542235674769,0.869394505046,1.19607629303
