$x1,$x2,$x3,$x4,$x5,$x6,$x7,$x8,$x9,$x10,$x11,$x12,$x13,$x14,$x15,$x16,$x17,$x18,$x19,$x20,$x21,$x22,$x23,$x24,$x25,$x26,$x27,$x28,$x29,$x30,>>f1,>>f2
0.0991881171398129, 0.6372186211024896, 0.6972198300837135, 0.0715819207348446, 0.01453647253452639, 0.13767323863119707, 0.482348869599298, 0.6446389075530738, 0.28237558296825593, 0.22961364186434485, 0.9261930586460457, 0.5836339773603134, 0.10305632272547194, 0.645156813266353, 0.45839388239171597, 0.7965147753932325, 0.5447776834882675, 0.695278820349208, 0.7033904642677219, 0.9454136028627165, 0.3977187131924479, 0.16301477949050924, 0.05424581691651631, 0.7885672700592979, 0.13204415120170632, 0.6198935704925157, 0.382443307675041, 0.8272828787395667, 0.44914250471283057, 0.7052979913236854
0.5580223085266948, 0.610418300504195, 0.19178919930012062, 0.7159836978616633, 0.9524062484984146, 0.6044728117516192, 0.6695412216044458, 0.5258383895350051, 0.3843453092077549, 0.7643092842735706, 0.11569033915271865, 0.13704891560786236, 0.8838941747336295, 0.8222374549798553, 0.4183194990317889, 0.8860345754495652, 0.7059180876633531, 0.1633052338888915, 0.3459914805293005, 0.7727420167754157, 0.12700766710051503, 0.7763354801075196, 0.0311226026679009, 0.9509655482149002, 0.660408000012031, 0.35866599184298453, 0.025980668317583167, 0.5987456266793385, 0.4726474158041115, 0.07284158107102034
0.4165532439030377, 0.5897798112413076, 0.14666726729220414, 0.7763534146862726, 0.5630699694872598, 0.7835022241734003, 0.1535945945845053, 0.4733913579677661, 0.46523614734008345, 0.022756682012027296, 0.8620031362356115, 0.8735623689986897, 0.7405018452266758, 0.8647431321847443, 0.21040643545861493, 0.23623118006960775, 0.12954516259176163, 0.4801215299829734, 0.0954829866910284, 0.4754665843463659, 0.12642288916514954, 0.8662006223363574, 0.6189107104853347, 0.852686860645671, 0.9122066647016387, 0.26183640314291823, 0.667741482771589, 0.6816404791270664, 0.9201712981516156, 0.3393113962286768
0.046306838304557285, 0.09161310220548258, 0.7388685028394114, 0.7651428882434272, 0.1947171718133376, 0.9591320479584343, 0.4237108949768873, 0.9059440344653898, 0.8946486566369027, 0.8931335839456689, 0.5255035827509049, 0.37588959560327384, 0.2907837173863046, 0.7721962296149187, 0.7098093763275102, 0.8745894416265944, 0.8264384776339058, 0.029085424260922865, 0.7333196199608839, 0.1052297664322791, 0.7986615050251132, 0.17991083359678672, 0.6729428445264689, 0.5735721557724983, 0.2467367456152464, 0.719330485330045, 0.7704802008711847, 0.5977247815625895, 0.3027624251158977, 0.2213229805045186
0.27387909060796434, 0.34611450938020816, 0.5284598978714388, 0.7522398644578908, 0.5995582540458644, 0.519679964917577, 0.06495503761887478, 0.7853712307699094, 0.7094181418315909, 0.34720691923010083, 0.3451845134521241, 0.7736163428708263, 0.9834225546523102, 0.4759461910864351, 0.8964115865688129, 0.16655320697402531, 0.9432276187634889, 0.05863213435362913, 0.44295565760777367, 0.5214472049791344, 0.5385127975153288, 0.33625182162336753, 0.30414300341013856, 0.621211026296496, 0.1110613391368458, 0.7885603807073865, 0.40745501002352136, 0.3040364004204954, 0.4137101037391805, 0.27782146037220945
0.03383273429049949, 0.16453858694759693, 0.5117418412435566, 0.3965019078317089, 0.5026727964231449, 0.9504409546525252, 0.2971365618308436, 0.6720517833066987, 0.19882512324394397, 0.16466741368983284, 0.27624493727243926, 0.826839021090836, 0.5879699892868037, 0.46650360625607623, 0.1397181849283028, 0.4123473404389062, 0.9712967970111711, 0.5827289078239992, 0.12464103141591243, 0.03910630829001094, 0.926559852319674, 0.40853531154968803, 0.3725193712065056, 0.4697253784764418, 0.6792519506412282, 0.6262549088583718, 0.7988445561008964, 0.29811126474952365, 0.2150667230295784, 0.5975565257321732
0.44375346434383767, 0.7020786863342151, 0.8352952129661737, 0.31792130771316807, 0.6427340246413468, 0.21699868089345198, 0.6795560745258052, 0.0003345269481364044, 0.49610303043325343, 0.4176475758378998, 0.9320816889662701, 0.5184681450659637, 0.7852710713439056, 0.8984132206961103, 0.4748656465919051, 0.004427757809861932, 0.9588607266491918, 0.7229299081056516, 0.48363619283870984, 0.4653524436555061, 0.09635992109986757, 0.7367326071360475, 0.8611836789598803, 0.07833529302869335, 0.6048180017379621, 0.18838144428351555, 0.7599168598939875, 0.4252408929384395, 0.5713433383780727, 0.3922791320868243
0.6694241349704995, 0.7813810119163833, 0.3650925470480423, 0.5555760995645497, 0.4220866677179145, 0.443421018232389, 0.4211394691554128, 0.9843036326497726, 0.011111567544094814, 0.8490246663089637, 0.8995977282725638, 0.9361383061203857, 0.1604720845256964, 0.9589090988883323, 0.870409316130756, 0.9586862929415492, 0.8904264792145403, 0.22610208131804577, 0.6788032353122729, 0.4096237231829941, 0.7398714238821896, 0.91188441968122, 0.8097228286760182, 0.040761155856030684, 0.8592939556719736, 0.18087226542263113, 0.4327729481312407, 0.29770858386026733, 0.8561873041247529, 0.4147238801597184
0.8856833964085613, 0.5626934050975054, 0.7049206203004728, 0.49763934017609057, 0.6031532306189024, 0.8161455398886736, 0.9819008408157838, 0.7613576223960379, 0.04258786797499836, 0.7577457606097561, 0.14130262500668722, 0.8540558224440418, 0.21183391884353853, 0.8070332902880285, 0.3599557441379919, 0.5359502698949484, 0.7464845685584952, 0.9905991637026941, 0.9961226212075948, 0.3605696046132778, 0.8090034773632351, 0.8217860795038443, 0.975204985779113, 0.5393242541647145, 0.7758251101211607, 0.6190462494808286, 0.5218771529748343, 0.4805144279561011, 0.48505862102977126, 0.7119368458389005
0.6943766975160783, 0.7252498419267263, 0.08573224390218093, 0.04707227232516942, 0.3771875329623354, 0.9305308151173144, 0.9704361971048274, 0.611277540615895, 0.7492246792867208, 0.7850528967198621, 0.7341060418293401, 0.11666261414612256, 0.7956329154233318, 0.23987451926304715, 0.7739340417326809, 0.6711544563417835, 0.10516617852065091, 0.07758852474815492, 0.9853406362883161, 0.23488528257361507, 0.8395416275311239, 0.7222628688070709, 0.16430722278605958, 0.8546904508038424, 0.276941080536681, 0.7259257781163974, 0.3355366980546035, 0.4449888347800749, 0.05763156748563958, 0.23377793677278746
0.5786352270979861, 0.5909144579616146, 0.4941167914831651, 0.42572724517691674, 0.9441322293745672, 0.5838267247086356, 0.16426621775541816, 0.833941514108021, 0.26722443282418396, 0.4317310405822826, 0.018498850094350483, 0.31018329947855106, 0.1876184747959585, 0.269746921075374, 0.8663607234416912, 0.8931687493784997, 0.3252143070699045, 0.960528289790593, 0.5591636112868541, 0.8221585202704998, 0.7046634823495981, 0.14198407166214055, 0.32175600936446136, 0.35609019172756384, 0.03472652654116182, 0.2932920517735018, 0.1201330480517776, 0.867361290040747, 0.6928708251870133, 0.3643749561134013
0.4256475300836513, 0.44480531131228707, 0.9017684317153707, 0.5547938635524441, 0.4907397259127686, 0.10381815616270151, 0.3511441360108247, 0.7330743604363329, 0.7080585230210711, 0.7715198937882248, 0.3186238688380786, 0.2514817090414063, 0.6748720443730658, 0.5362970470974486, 0.6403963733634788, 0.7583504431521303, 0.6208037972698818, 0.7242178002948405, 0.2817317916100972, 0.566090004264988, 0.806845596630322, 0.10479234646459468, 0.007178200517475863, 0.1858801567153463, 0.19109152374631155, 0.37604103356126184, 0.5973748182645334, 0.47833274245914914, 0.248371754460472, 0.6210970061731816
0.10410850700119745, 0.6715963425042043, 0.7087287978404304, 0.7441907567376669, 0.20309623930979914, 0.9141465335718462, 0.9437656405158031, 0.4164310280591046, 0.9873040232690191, 0.9044646579285907, 0.5663152259578522, 0.5931382804075238, 0.9843266085637978, 0.5836504612490864, 0.5224432449299841, 0.018584541978426072, 0.1571355675515913, 0.5651581852386781, 0.6880932466922621, 0.7090470669429056, 0.6952401705062292, 0.17703002375622867, 0.26916646907192454, 0.7653505604529941, 0.43802310160387226, 0.21304361330367216, 0.46322167399851955, 0.16761981838272466, 0.04294271794330562, 0.1876214292441749
0.5078049065415361, 0.1382271119798042, 0.22814151228852697, 0.9794515403158013, 0.47383233323817864, 0.4277763800751493, 0.2811229361920168, 0.7142901832680315, 0.5755337456955695, 0.9081036615895085, 0.24651809629678645, 0.6566196671247686, 0.6359447792344833, 0.34263661691301506, 0.5219054412619438, 0.5549969286179841, 0.35339112376098136, 0.460334933960736, 0.381545584177827, 0.050075074328604696, 0.5987875363262033, 0.26736120290895893, 0.9236398264108828, 0.09611050411383493, 0.8421194349957754, 0.3424997153181746, 0.8079075675215263, 0.4373435437805868, 0.4841256292118057, 0.8671885691646231
0.33451292200424254, 0.19203246712707467, 0.627282685556328, 0.41056040950918116, 0.1095212879992784, 0.06516834092472112, 0.15529661470600797, 0.9997848902562839, 0.721421295356006, 0.06650383118885983, 0.6561346055118584, 0.9552511642564867, 0.1955589811667655, 0.7219936296263018, 0.8772414379728382, 0.3410777929550486, 0.2967404810280726, 0.16516610260937925, 0.8963691419979928, 0.833815266809889, 0.4613769392555488, 0.7010386815863137, 0.7751175350953089, 0.7334921489163212, 0.3163342165218056, 0.6654496104270399, 0.1472590521427859, 0.3411639903741803, 0.11424108873263117, 0.1878222903398531
0.1760556324700917, 0.13590359732879576, 0.5221664790827845, 0.48931221284441184, 0.9203373734304611, 0.8218774503047117, 0.8583860716116829, 0.9887050282876932, 0.4646527729650338, 0.5572489319606336, 0.6084539771017828, 0.016773896491661944, 0.6388149283472327, 0.8949628046988362, 0.7790525148245013, 0.02152577405197187, 0.06964793399784908, 0.7384552475747692, 0.4938831636932045, 0.8112140580838695, 0.019705380650166138, 0.018345420573601667, 0.4923845478230203, 0.5577660886086311, 0.8662216584177952, 0.0007109264786366865, 0.3091172654795429, 0.32335085709514577, 0.9902473347324298, 0.05446099662932391
0.008178869669743016, 0.6032187252229696, 0.34510934453718034, 0.02806913996193816, 0.023286250950727783, 0.15734564939966666, 0.8086048657418634, 0.7799650507246936, 0.11086675675282354, 0.37034937984038885, 0.7116064132628175, 0.9140869445374604, 0.14163357099606222, 0.45119385825592284, 0.30901771402393297, 0.45578109655182875, 0.3746481735404804, 0.019560941910515384, 0.5917119485726693, 0.7689110209246218, 0.6801338565177486, 0.5618916627814752, 0.4952417111720251, 0.21075318073639082, 0.8851157587919837, 0.3181552880777748, 0.05795904572664434, 0.9914172620014047, 0.9779725164685947, 0.8067542419810743
0.015419738909683622, 0.3665372262437099, 0.03307055951193294, 0.18049099289509007, 0.9634258163567213, 0.09027487771868015, 0.03216372168504189, 0.9994568418146691, 0.37209377993254156, 0.49184814428633317, 0.902778235105932, 0.8409311418933004, 0.6550868180190783, 0.5732726181860465, 0.9520416990076783, 0.5158324722296566, 0.9780164280696866, 0.7680177782271506, 0.6266169591707952, 0.20565179272061007, 0.8846189110406172, 0.2793487456291781, 0.7475322771771381, 0.11658903486328032, 0.727320871397899, 0.6451622970570041, 0.49583580417656015, 0.3970203165427709, 0.5111640046129176, 0.5994670534083955
0.5646919836982285, 0.14077617568483747, 0.982875281022464, 0.2676556773115817, 0.7064647187210025, 0.5287753854992673, 0.8433822440183871, 0.4760757506697839, 0.947749683790844, 0.7349545758485189, 0.1055869544846948, 0.1954332258013607, 0.630636699502893, 0.14755082572740763, 0.6485946262478929, 0.07705639551513455, 0.025124902408887095, 0.8064664840955535, 0.0009629747234388697, 0.639209420391477, 0.4303082011411482, 0.8529419851213896, 0.3627782557302994, 0.018321542885071818, 0.38051684427016963, 0.8716257837931249, 0.3931796855690627, 0.8098916570881326, 0.6397090392739749, 0.1334030607529666
0.17278481978867466, 0.36960576135603473, 0.5371158979153949, 0.6480788399563935, 0.9284923665489604, 0.2677981664428093, 0.17618632337847662, 0.6134753141955119, 0.43722151181634616, 0.6029865017686589, 0.9104761792852338, 0.6558738630221577, 0.9844741495181758, 0.6184093540379628, 0.5477431263785613, 0.17309522669476562, 0.5934734764377915, 0.8651473563874889, 0.8663746465664525, 0.5472735690528255, 0.5063366990424808, 0.7086927836056396, 0.9912981429112954, 0.7520136636841441, 0.03802630341648405, 0.15697433489493684, 0.1733304052206367, 0.043241586231300366, 0.3513882763187218, 0.6566869456050064
0.2789980005677897, 0.6638500071761434, 0.7939486863080252, 0.3326447552580858, 0.5507269266873817, 0.25783338272427603, 0.48279689718343066, 0.7068287329509314, 0.21219160417444927, 0.4999923932129652, 0.3297360959408483, 0.3695707531280079, 0.10331275350818092, 0.3100703775153041, 0.6202178061962389, 0.16537274990371187, 0.1580682757973989, 0.8381891583352248, 0.30721608459801675, 0.5409050997631383, 0.9126858374422729, 0.8046682128288692, 0.6479470316725076, 0.4136390164337882, 0.6554416020259106, 0.6834335449403883, 0.7473788939703121, 0.4256693139767954, 0.860940033587968, 0.5838021544084185
0.45323211779640926, 0.6694397553455017, 0.2586345575335136, 0.7023966328270028, 0.3613830873947754, 0.32228942341762645, 0.9382424496327971, 0.33116197874734343, 0.7233303057901231, 0.0427502767436132, 0.46825520838560675, 0.8337356000818165, 0.07757385733057531, 0.731646579452387, 0.7974447911479468, 0.7980555881818453, 0.03534352481616698, 0.6056507943778165, 0.8474840177607598, 0.4237002347287908, 0.47827960336336617, 0.3528939365288072, 0.3133333433412462, 0.003104421139387137, 0.013184632780289807, 0.016612024200880815, 0.17531333083425593, 0.3237979589901654, 0.6858926048222158, 0.981911398973391
0.327357258388541, 0.13348789258810612, 0.46463638337826374, 0.5991123068944557, 0.2110545560319721, 0.22250609475050886, 0.9097203499572464, 0.6275566315118003, 0.3007682048339234, 0.7979289639830852, 0.1558396691455166, 0.8632928165104271, 0.5520840502906331, 0.5236567048641106, 0.1139394712340771, 0.886725551430539, 0.92165205688128, 0.3884760054447527, 0.8748792439083443, 0.8238792528713879, 0.1413574260115229, 0.5533281720085121, 0.6629129409445258, 0.8948244710936872, 0.5167496420708334, 0.6678148761094215, 0.5140076758191541, 0.5736678806181206, 0.6658138906918482, 0.8072215394835783
0.17606636040542378, 0.5066316454228956, 0.5758029109242423, 0.563466813534645, 0.24951901812303146, 0.7826257167256766, 0.032413142864504696, 0.3454230841053184, 0.3670947623240862, 0.676737271791728, 0.9116145315228888, 0.5769472856095857, 0.4331525249339543, 0.9241213078933349, 0.8184000944047812, 0.6838293147562231, 0.945387217064852, 0.034565832176036815, 0.06785296284067166, 0.41612406309129835, 0.8207366441109692, 0.9522918611517821, 0.17552714221473575, 0.6784457664276493, 0.6761393094997125, 0.38837154483114367, 0.8658874152851169, 0.694129081997608, 0.3976445594933349, 0.4593905773394673
0.8222071193372601, 0.08288443381089938, 0.4908159847568473, 0.4912437707471371, 0.32700981530337936, 0.3600218687115726, 0.8420514495639916, 0.29064756190189545, 0.5056143727255372, 0.02976531267109217, 0.11102135127492818, 0.7473426930139341, 0.2030658060075986, 0.9380817239004632, 0.6776302773805892, 0.7167946713580685, 0.0817973266926102, 0.4527404437107505, 0.7708411380546811, 0.7633765150299758, 0.9208908869677509, 0.9716182999161423, 0.9483840096055779, 0.12857987255715886, 0.7155125975167081, 0.4240308979748404, 0.5146233129866266, 0.24966762887385607, 0.8509393928929777, 0.9200428741155388
0.549113275931875, 0.9460047387796094, 0.8301009809640025, 0.42898028188222237, 0.6561073103337892, 0.7970774820902198, 0.25659414961672966, 0.9105907345056852, 0.47907558040085496, 0.8998621727858078, 0.8311386378860728, 0.9282501643185098, 0.9600781202271929, 0.9408317501629345, 0.042799378257411425, 0.031850348298015474, 0.8117729213805163, 0.4959486786598628, 0.19500585418511196, 0.6916750620023079, 0.514659445321093, 0.6185328854705917, 0.007162485626263204, 0.06397804407265273, 0.34101211404757104, 0.6327521622612291, 0.26870402077694056, 0.06909869084874487, 0.6011930050068135, 0.5208315334112372
0.7119053776447474, 0.3944725275868304, 0.21701432656426733, 0.47898340066857104, 0.4934082951988933, 0.5548050749321214, 0.511991500212997, 0.23664544923291164, 0.6064606544319419, 0.7778244320958467, 0.9662999740240216, 0.895628246390542, 0.6584157363247763, 0.6292997774508796, 0.27710115002648117, 0.10238315630201622, 0.8343528420283121, 0.8654154998177165, 0.8532263457141892, 0.09720305443293864, 0.48873222914487335, 0.504242990537628, 0.805984997115048, 0.5591635393035741, 0.4626406608860214, 0.4977189471903075, 0.9858141730456521, 0.9894017562720702, 0.855595622085689, 0.1575066139633008
0.2874416924413017, 0.4899471193484888, 0.06955501421311994, 0.5857292178643131, 0.993054958920098, 0.018053910241564886, 0.45261314407795916, 0.6476967630667714, 0.2275240900754003, 0.5898552807557291, 0.1638168335094079, 0.22912185391480455, 0.6770793880110386, 0.582585979932084, 0.5353467935882799, 0.678963057370098, 0.1786141662408144, 0.3026104830382529, 0.4657411385118737, 0.6375516608865383, 0.9446966849229463, 0.8054699389528852, 0.6254872700328636, 0.27374341357606435, 0.7814903789308174, 0.6012595981315929, 0.2584238775618022, 0.39627679760638257, 0.17943950183920676, 0.22072653464540493
0.07920115720418974, 0.2403792555574208, 0.1543866358457211, 0.2043986598868861, 0.5981329087256029, 0.8533132399014364, 0.36200939713674574, 0.5498048289441392, 0.38565167493678787, 0.3098955524591892, 0.7536495691747074, 0.9619076428489988, 0.07515271836288939, 0.35455766369834185, 0.24425016620050033, 0.9011830713937796, 0.7534156930455743, 0.872041291711902, 0.4173074326540983, 0.840044280752499, 0.048443551200962554, 0.8264686177080529, 0.13220750306432216, 0.443359419088751, 0.4668763128995599, 0.40586671539406116, 0.34159808715627815, 0.7073552533252928, 0.6772095991809047, 0.9968664273322162
0.1685879885207061, 0.14982502554106214, 0.6587667156480799, 0.23463494447573885, 0.37226152078983277, 0.5834353029355257, 0.23906190121584048, 0.9494115034418498, 0.03981203873034311, 0.8469967854937615, 0.33766202412796353, 0.30588485643372043, 0.7937323505270212, 0.4579830322991454, 0.23136696369333232, 0.549986794403496, 0.3283075357047761, 0.4720906775953151, 0.5565428008187089, 0.15036086442807028, 0.39109781859055215, 0.2743270899413972, 0.25725523594969835, 0.6682253679359345, 0.8717993399156112, 0.8247891427761646, 0.8260073156728678, 0.7231631382024252, 0.15297209823371283, 0.5750661510957237
0.02108877677988996, 0.6638416296705931, 0.5787602845290637, 0.9480275412808303, 0.008775116049429377, 0.6678652116451677, 0.047496088644120804, 0.691807427964509, 0.5659611992349008, 0.27596438663214284, 0.6955807961888384, 0.869383363140838, 0.35168258481933923, 0.7262626700321154, 0.7574915015620114, 0.5382438375399095, 0.5151236194871137, 0.3369692773656452, 0.4494623197151373, 0.7229537573248439, 0.7755499005137441, 0.6095723060253381, 0.8028606292418529, 0.3658124597784864, 0.3492188112358624, 0.4352639283440116, 0.021397420142152845, 0.5916505324259915, 0.5543927495159126, 0.8292001971975802
0.917849418061724, 0.9684565119905215, 0.12494610237890569, 0.021558120435657413, 0.542445897824777, 0.20426508265111964, 0.41614606164714985, 0.7940593816628524, 0.8288589522582595, 0.707919114279605, 0.3059762944505269, 0.9998344577596049, 0.07862314790574987, 0.07432642892423069, 0.4463008904027096, 0.9009638565888345, 0.007179114495245442, 0.4741854372752271, 0.826549971564059, 0.12687709715303808, 0.6665920672220903, 0.9585680414431946, 0.9103118900906194, 0.5448028343788801, 0.30565428366142, 0.5100277565181282, 0.200664958758053, 0.5985876135425108, 0.1820270501839708, 0.15475407868882607
0.6292176022772491, 0.057213782204071806, 0.24376631367325263, 0.7595418911594136, 0.27740493764447016, 0.9753957711057771, 0.3036141196474892, 0.20776736195811984, 0.9340121846762347, 0.9355420090601931, 0.8473038724008392, 0.9900352922767295, 0.4593365798420258, 0.043044653273642375, 0.23780170838324088, 0.5080031359165922, 0.1386780856924935, 0.23297306226922276, 0.3968452857034528, 0.8804983230021755, 0.5917861146969191, 0.7060989620207527, 0.37826382822975013, 0.7252485057255404, 0.813850751025697, 0.31085572492751135, 0.1890321262466389, 0.7566118112203492, 0.5332019505582148, 0.789669407887406
0.3976048361203762, 0.4447382744172417, 0.3981544139503752, 0.9877208266387941, 0.3666666150928908, 0.949110241210581, 0.29352777986838585, 0.12140158069787554, 0.06942711833945303, 0.7770920865122172, 0.8364852360146636, 0.397277562568072, 0.1811285376232521, 0.7471837439881431, 0.7808517934358836, 0.46887875810499313, 0.26104905989179195, 0.21054154409021675, 0.2831600340296129, 0.3152687020830667, 0.2797268009531223, 0.10328782161520722, 0.1378996148992503, 0.8821705857978562, 0.6016961641950765, 0.6411672284257728, 0.4043571059465917, 0.3291286754859033, 0.9737054791334748, 0.3137732684936738
0.9625890182572112, 0.9913591328886016, 0.9777103636428275, 0.6455127086083604, 0.21783334716682823, 0.16968050353187958, 0.05875099800824002, 0.16839874063064653, 0.46628012325390145, 0.6437525145242613, 0.47944787223327157, 0.40378380131972724, 0.030528168948562584, 0.4542617599713229, 0.8359010240905657, 0.401548033073146, 0.1447248394414914, 0.432980186021127, 0.14009355982747584, 0.5079407022215183, 0.07473416630682983, 0.24232153192130435, 0.5926530269947168, 0.19285630149010158, 0.9637407905712819, 0.7507638802992261, 0.7242793389216391, 0.6899095731288517, 0.0847369259561489, 0.9709203717532966
0.46816419963581757, 0.9946163602927082, 0.40006972390438245, 0.1375808438561702, 0.3773675211331866, 0.1476336716133061, 0.03164862902432042, 0.02101723093721719, 0.629515613024213, 0.8068193442181428, 0.6004819758218438, 0.8621750031514944, 0.8095936352617668, 0.7631540566984943, 0.6062813816908826, 0.5722517961977316, 0.6335056197826334, 0.6819365267767836, 0.969547189759131, 0.6705473705764639, 0.018890750201519424, 0.4678903815733759, 0.8982651612623284, 0.002075961817858074, 0.5026039691949766, 0.9357542184394844, 0.5421309149354809, 0.46281554666293556, 0.443127976894523, 0.4260125103463711
0.4980008800993686, 0.8868650977634697, 0.877423046182148, 0.5029028613253927, 0.4675023230954757, 0.1414092149439361, 0.8884412834674216, 0.7805561921411178, 0.4604435333072907, 0.852670684760073, 0.3726517102948729, 0.29457448491260796, 0.3642511111092952, 0.5513207827054883, 0.7388113520264699, 0.9884017404247323, 0.6786282256957041, 0.6391526082286528, 0.10014079249282892, 0.047086655408214995, 0.5378935652294142, 0.4988575586389431, 0.9802109207617584, 0.6412749719661305, 0.5777721090614079, 0.28745417216370506, 0.4354368800640632, 0.5252401260576292, 0.14077491910444517, 0.1814363412727249
0.4031727705607986, 0.8243141732429548, 0.739261580902079, 0.7412483065020514, 0.8742363614239084, 0.5629822558097621, 0.431526458886475, 0.4366357847858131, 0.7790025748410616, 0.30429216292531347, 0.9319647519375586, 0.9703087573738777, 0.32179776044308495, 0.5826746890284564, 0.7422244603501341, 0.4496556537537685, 0.22063984739375242, 0.17887867249580092, 0.24500814952144878, 0.8931081608468873, 0.8012442222922865, 0.11950858607556214, 0.061512201591815474, 0.5416783872212391, 0.08684028783172604, 0.6465196981346478, 0.6115276234902671, 0.21636053512311415, 0.08380999028078351, 0.5726102204326923
0.16595690372755567, 0.7961435645284032, 0.6013371997949766, 0.9197140660847591, 0.4910906179628902, 0.914184468726116, 0.6944968633218453, 0.9588194881155168, 0.08189729693242087, 0.9048884132937962, 0.6433745015562895, 0.2126240190816776, 0.8740181550075002, 0.03744632464817976, 0.32891138629643213, 0.4434171099313977, 0.4877313426777137, 0.5426990746316268, 0.35210675978461203, 0.10856438028850957, 0.8949804043658149, 0.35232373634545255, 0.9484816253472442, 0.618382064804267, 0.24115673959453643, 0.17375591589774686, 0.9441907921053999, 0.1738858618738819, 0.3149595623438358, 0.08400065316694783
0.19966621026226883, 0.042498424650636135, 0.9602680745768102, 0.6917826866402176, 0.02648345942023944, 0.2962682744640166, 0.5640225947161392, 0.4935213003697645, 0.7362036117881129, 0.20940227392915634, 0.12041084485328402, 0.342511424101959, 0.01821924861533064, 0.5941353482556772, 0.4333982294641675, 0.009996273609440887, 0.6682002879518297, 0.08068402782348072, 0.08541788753737534, 0.9373022263212325, 0.03326402546118801, 0.7261431520705471, 0.8309473359865425, 0.12111421735215544, 0.08278203094585368, 0.3046769873397819, 0.48899897392913483, 0.34850629740305594, 0.4323962423062997, 0.9735539486061333
0.1646056613964082, 0.4173653642444257, 0.684916669446602, 0.6778291023436332, 0.6501333828252752, 0.3563176675508535, 0.8699989364728969, 0.8585230483628625, 0.42724804719401555, 0.7775908072193535, 0.44025179840002115, 0.4619076772839389, 0.2131226865989495, 0.2750043564527609, 0.725883102855502, 0.517822501549917, 0.6527356331967002, 0.9611754883040823, 0.14078291947663568, 0.2848126048678591, 0.6677572983230979, 0.5593417748996836, 0.6374372723214593, 0.21141406248551542, 0.7389735186176357, 0.810997834427731, 0.057883829904284645, 0.6978099190475551, 0.48487409826885863, 0.24186853045041778
0.05105045246005546, 0.2787531651799513, 0.16730575851418006, 0.7772578766907301, 0.9241168347554715, 0.8984741388437896, 0.7470915674215097, 0.9411882277836051, 0.6133929297777971, 0.5047348932366683, 0.614853760002638, 0.6380143765220908, 0.173127350093348, 0.5917113198720075, 0.8883899096808203, 0.9799574851916553, 0.6347850058346137, 0.19069378809789184, 0.996910716515061, 0.21599662436790412, 0.6448476463799093, 0.49297736959124305, 0.7799959811277999, 0.8036451338086045, 0.7936105750123393, 0.3753943090275178, 0.005856739545234468, 0.845482442220093, 0.5667147631924899, 0.3395394947616862
0.17752734955959826, 0.5346453401257808, 0.19206115593947337, 0.7586854042578376, 0.28348471147349086, 0.20489248155785567, 0.23063669449048763, 0.7879020068592937, 0.6002485028118552, 0.7822627362821111, 0.4165669107689015, 0.19517380072694546, 0.6926218954446236, 0.6940151117233198, 0.6342266132396075, 0.5982148888362953, 0.8880791844526383, 0.3448159623487417, 0.43287087175194516, 0.6093947222404114, 0.09395933346690222, 0.568602913995238, 0.05869648987364662, 0.3020245248413582, 0.5854046520742993, 0.7847859947993281, 0.8110832387676852, 0.6221972486303851, 0.3716606861897108, 0.8559495927648709
0.12658451422880834, 0.8024911763925914, 0.7941401167754152, 0.4628809776091224, 0.27356228933772164, 0.6914365518480473, 0.4313097186032303, 0.15133700803973738, 0.9904334864755641, 0.6829056375141829, 0.7591886558778453, 0.04049695097603878, 0.6297524991411987, 0.5554964173437704, 0.23246729100228425, 0.1411382180854177, 0.44532742143254134, 0.6619946303701948, 0.7930591359661467, 0.029700838483523895, 0.983021351879, 0.35409651554770616, 0.1080648495433515, 0.855427098870813, 0.2853176301392816, 0.6518210458639792, 0.7231505330938874, 0.18677264227583001, 0.3782916749534989, 0.9494621622814452
0.8722073133477766, 0.4176365144729405, 0.6407976183276417, 0.9184872192864294, 0.7408506459090246, 0.7124554969556948, 0.2580300280490545, 0.4279920885661499, 0.03685618986374917, 0.7618389334536907, 0.027850462676802246, 0.8145293836751639, 0.25438066559265404, 0.4729943393176821, 0.8076042977858706, 0.0421919053850236, 0.8589554006277836, 0.8356915531697997, 0.01748181279074912, 0.1302671778934119, 0.3804377437516697, 0.8620985429067785, 0.21796529383410457, 0.38986682789277094, 0.20214460699406023, 0.894503043710303, 0.7182868439586078, 0.3337277557093925, 0.587745373273033, 0.6630300922545994
0.022543421550317744, 0.38085748227637584, 0.7261008141368355, 0.6101649003444178, 0.6162097781448127, 0.7857546939797966, 0.25570726221771123, 0.3540557855868255, 0.35705028508584213, 0.24700416913149315, 0.9509028667888869, 0.30180544285865263, 0.16242359345822688, 0.7789266887085196, 0.5657797463645345, 0.17896280102010487, 0.46683615219625696, 0.7270568724588349, 0.8241510249146183, 0.7598604829572286, 0.8482738638185704, 0.8361725335633783, 0.3903564631571891, 0.879533877422235, 0.7407056120653677, 0.18928719842140396, 0.9342682324454707, 0.48172742543441704, 0.7446088732135592, 0.5320165411312564
0.7335494017014205, 0.6554162831548338, 0.3731056346621555, 0.43535296962559267, 0.8611712860735875, 0.9896571233969924, 0.8039634778423782, 0.3816599605275265, 0.7583483610863357, 0.878661654365606, 0.35143551078996726, 0.9505452278504476, 0.811653792198863, 0.9717766974087562, 0.8697124564908539, 0.3626808940234103, 0.4866089131591652, 0.9963303854152374, 0.9974225930404967, 0.7818718771236881, 0.6232183574884643, 0.8942148975027807, 0.01808421150466666, 0.010597142650772162, 0.006784534148958188, 0.014086133227986464, 0.385476472978714, 0.05540315784698924, 0.06501205000298682, 0.09948602354091307
0.9747190863187581, 0.15540281094234842, 0.419870735982111, 0.4404310619449563, 0.16034064523556535, 0.43910677608259086, 0.6931265644722625, 0.2775987099266676, 0.6439773690481642, 0.11867681735451185, 0.44081391236116674, 0.46071140074063976, 0.743612453756523, 0.47979547458426075, 0.09940174996786566, 0.694986907860834, 0.6594434845800871, 0.7022137607084077, 0.8053882696544242, 0.10168863655469884, 0.6155469074216847, 0.9542380542434401, 0.6322710769198461, 0.10874975137899179, 0.05697294765363514, 0.3777346267436251, 0.30959715875977956, 0.61558995089573, 0.41804577037438706, 0.6555903902671314
0.8658610792420194, 0.19410468045547846, 0.7590788050493708, 0.3809569531805791, 0.4723214936599124, 0.7487357167481316, 0.3172376022469666, 0.6461440999684693, 0.598857737788125, 0.4801073514217531, 0.8703178849589076, 0.34094301225642865, 0.2665864391941476, 0.7251459102645885, 0.4420935978582906, 0.4080480332653855, 0.07067609134791175, 0.13681856931494008, 0.7364536585573328, 0.9018820890040155, 0.8064893033293719, 0.6845831516360656, 0.2527955953060119, 0.47709209486678705, 0.6721216473304457, 0.9328901256896627, 0.6625342133316785, 0.3217652406434942, 0.3183362230796034, 0.6736073580744196
0.7383268867137281, 0.2965122096674101, 0.9494541216329208, 0.325331020628706, 0.6142121771209671, 0.12655561538567495, 0.1377573319532075, 0.12844229557856945, 0.5892298191903426, 0.3776794245922027, 0.6864115913456593, 0.6042968676735806, 0.9457035632615438, 0.5863817800605013, 0.6422244482179904, 0.6195356498400196, 0.3024025100984533, 0.4568278484290549, 0.15516691568295793, 0.456650543751713, 0.8976322119077728, 0.18029921873524946, 0.9391365203914773, 0.3888586697534533, 0.6811721275104875, 0.49051517479910967, 0.5016221686285618, 0.7315328604514622, 0.8107278872456777, 0.7631484096367573
0.8280836402151288, 0.5222424263457174, 0.8736495300872431, 0.9068750227876835, 0.2276689691390984, 0.22199579594912267, 0.8252162637521515, 0.21056399796951075, 0.8966072620436369, 0.6449928067332351, 0.9229305122237349, 0.14879236319834788, 0.9779808500423935, 0.2638651524914619, 0.9883807061774643, 0.4716976958951692, 0.37033887976330737, 0.21497393003872245, 0.7840782333728135, 0.40735145831386765, 0.5293989539107546, 0.039668357249169284, 0.4794844478042961, 0.2512708589402348, 0.7245882805063882, 0.8625472258348338, 0.6651004897691057, 0.5876573244294481, 0.6263539058208888, 0.2364336456126409
0.6772928329030574, 0.47608712667722264, 0.4109923324718989, 0.5662110639203033, 0.2628052570467363, 0.589348236821324, 0.6585968347251577, 0.3051881517542101, 0.05484526563131953, 0.6632741825300433, 0.5575553124809326, 0.5890246227516599, 0.3592690637559435, 0.4821025835410395, 0.04927012866440206, 0.29757891719819174, 0.6393669777704934, 0.43944262690354885, 0.9246370379236201, 0.936333250413932, 0.16955707402775344, 0.8142937523441365, 0.40861963137920987, 0.45190929544052116, 0.377735522926556, 0.21088985261082782, 0.2779878580930374, 0.004917601014565398, 0.7297342551582147, 0.0329661262478409
0.6750885130850015, 0.16875843200733032, 0.5534886259228681, 0.7442360779100342, 0.11772301887048964, 0.8599765434202958, 0.6236501798195563, 0.657382974185723, 0.7818613319993255, 0.5624798568016509, 0.321222217880354, 0.4728894262260265, 0.7372054025031385, 0.3579202549110535, 0.7912125176180251, 0.13574225439278764, 0.5015618360015046, 0.7962766262285359, 0.8467461695177187, 0.9659328022637387, 0.4929487378112579, 0.5385969087531024, 0.4479017821475437, 0.03508048952986598, 0.8851112042624166, 0.6310175229035405, 0.42477398308702663, 0.45134307314291355, 0.42625636446195025, 0.5645154082059035
0.749553215159209, 0.5797461388190438, 0.7917185838150597, 0.07136074386038094, 0.821309381859694, 0.8493698871789689, 0.8262178517121332, 0.40048466370263225, 0.997015001812181, 0.17295044929633596, 0.09527281166706614, 0.7607123684822008, 0.21685724628966607, 0.320607327802503, 0.13865673838879522, 0.31780157161706046, 0.708310099834551, 0.42344655387285535, 0.9705670201761599, 0.048214158348923175, 0.16925528054695316, 0.7324121878941745, 0.1972922331051118, 0.15509783348652628, 0.2264249727670551, 0.0034010092958124405, 0.4093760857080535, 0.37001481458983143, 0.44386483350543227, 0.6630934759536368
0.927411323254288, 0.9417129972369945, 0.005895481751549192, 0.8131177414458639, 0.2549108914397178, 0.083354742261597, 0.3446767311681642, 0.7921312463801855, 0.47711142868326706, 0.4714771627069473, 0.9391301293197658, 0.2853682463689462, 0.6846213577164193, 0.5694578575146977, 0.4156056847475176, 0.8769001852460541, 0.5577907605300977, 0.580819868829717, 0.9997314525831573, 0.4758271027067954, 0.6426823676854883, 0.9770282447831388, 0.037445348408382984, 0.35736193949266837, 0.392704485090569, 0.9038959587978271, 0.8089742680463892, 0.489560448482239, 0.8828667354941471, 0.9813836638458668
0.017497741607069517, 0.5522919281564251, 0.9089055649702283, 0.2665545168420054, 0.38900203995251104, 0.8823210701746727, 0.614721837402242, 0.09147933525105623, 0.5948448666376664, 0.44144981349901435, 0.5493318425123047, 0.7176508068715056, 0.019975916554434092, 0.8605461796521561, 0.03139619092235335, 0.6104606691451194, 0.9763494161955016, 0.8132271624702747, 0.27082632393586814, 0.6595684618709416, 0.9225597649516447, 0.4908838070684802, 0.5981014348247763, 0.40186068427357613, 0.1632165533888803, 0.24603607047166864, 0.10184866284194471, 0.8199989312011112, 0.041508868215554884, 0.759676527391098
0.9077475093999815, 0.7414408849906967, 0.11696460004303821, 0.6247209373860193, 0.2195008975511995, 0.8753366198172172, 0.7091632326651132, 0.14170044096737766, 0.8110627079086556, 0.032603585518111156, 0.7564891390529639, 0.13747443437938456, 0.5896128044308434, 0.00805649515198692, 0.7372540168527811, 0.507499441346353, 0.1935949017072156, 0.801910427726132, 0.2453819545978756, 0.5649602087674562, 0.485365646194841, 0.7198628822161981, 0.40878876970320044, 0.8692483222236772, 0.2949700119108294, 0.046849721802081135, 0.9565724976926234, 0.19225753133356827, 0.7136986932357378, 0.8359615618472587
0.9102892561756867, 0.3337486242943103, 0.6367397234261506, 0.04061188656546566, 0.6071639570984783, 0.9352766333355199, 0.8750896808704727, 0.7113347610063052, 0.6285873173167779, 0.15886465333196254, 0.4436881396625221, 0.9174839714693682, 0.09136295501122538, 0.5143705225909623, 0.745928515202185, 0.7530682709603794, 0.8647359592145513, 0.10124320534574849, 0.8488250644510874, 0.8146417279142346, 0.936728401848548, 0.6156130278853076, 0.3629079235047945, 0.14000697879490032, 0.5196331321900695, 0.02710583920459997, 0.43997293916419844, 0.3134443900794619, 0.8498274710770107, 0.19033341280814398
0.320205494877544, 0.5736915495986117, 0.65927246495303, 0.5491736640954794, 0.7418698018903278, 0.5604414463918304, 0.20003841056438365, 0.03924648284140475, 0.587916464103702, 0.31430132392904664, 0.15897564422412935, 0.8952865172964725, 0.22456204355379317, 0.0031796958271611553, 0.18380905488081967, 0.3619660281567171, 0.6777698965009045, 0.5764589115266384, 0.7250965343467106, 0.8756628179818197, 0.5122512987508133, 0.050743312089378434, 0.7842405134462824, 0.04941889970752322, 0.2193883755413819, 0.7877530593199532, 0.4228126720367683, 0.6138454148034977, 0.940767347934908, 0.23896668754853267
0.5166883443494336, 0.0635329134536553, 0.5354609022535467, 0.7556200133244251, 0.6987540551409448, 0.6935372815675472, 0.9414334150188703, 0.7848863994746514, 0.858748870712055, 0.21184834383783313, 0.1144951452625732, 0.7561616816241715, 0.7833433848729667, 0.5611323974727137, 0.10153800534011792, 0.9635341411637047, 0.6801738172294689, 0.6992005508695334, 0.4259041249745107, 0.05919684722494811, 0.5371092125094649, 0.7010455628804744, 0.4072475413198564, 0.30409159779378336, 0.4210682422004002, 0.5738069121791503, 0.3387521552571947, 0.20743118441345565, 0.5681643825550377, 0.463995190542439
0.5112358520286002, 0.6033486411096792, 0.7636136005986698, 0.30073916544052337, 0.13304917907862912, 0.5253526589231549, 0.09899385883980338, 0.12310313710975107, 0.44569894157685097, 0.8657417552860729, 0.586048950028917, 0.8600209076055174, 0.120299065396126, 0.15755506322226753, 0.6149353989520174, 0.8892542544130878, 0.7289400487937016, 0.2979936787007704, 0.31907804410007934, 0.9350361885232049, 0.4700596704531036, 0.23940454680732948, 0.28067204484294106, 0.3436329105918956, 0.1493436101385457, 0.49379723079849414, 0.838895370516651, 0.10872284710996971, 0.08379535608894928, 0.9167598851257868
0.13796661375617503, 0.8223212953683888, 0.9501701750741034, 0.7580453585753703, 0.5334574310713748, 0.07665143978033417, 0.9071702404742121, 0.34382002581892623, 0.2697434710503812, 0.6100950147572067, 0.7505756166457345, 0.16770125741376019, 0.350699988695067, 0.04003622871542811, 0.24558025476139422, 0.47511227739791295, 0.07820612425039564, 0.21445463309577728, 0.6173894047608622, 0.7201488729978482, 0.9243820216232758, 0.7065022886793624, 0.9949609345925756, 0.027416731413201, 0.7172372958087404, 0.6072880208844614, 0.10819826829181567, 0.8914527744742107, 0.477404281864769, 0.5080197249609507
0.890420594633928, 0.5219310000816448, 0.5996864149319946, 0.2929772402205285, 0.9943918952389141, 0.778506153703979, 0.5101466428022443, 0.2772683876597397, 0.5373119514013499, 0.6777676415421381, 0.7315783117161783, 0.70542703130681, 0.2891032011791974, 0.13015300773908856, 0.5435452764015195, 0.4974949145989923, 0.7215857046088846, 0.12547627085724689, 0.7830040523721112, 0.44082400788196574, 0.3303619365572189, 0.4859601882113699, 0.5164082505565769, 0.9961647643067866, 0.003048634077266965, 0.06516803449059982, 0.6379275028585736, 0.19959853908336866, 0.1276052359990888, 0.10925637541976463
0.32748064723783865, 0.7418254810777604, 0.9568469053102896, 0.31295979657155426, 0.22531053937697143, 0.6260264546639145, 0.31729766241015944, 0.35875650910576484, 0.07860886377779763, 0.23455900234701976, 0.5831491344602925, 0.24982324874612294, 0.14812314300353668, 0.054644124638526415, 0.092840355643514, 0.7801987549006356, 0.3899652819735312, 0.7772670442912818, 0.0996293523532894, 0.8146442845322739, 0.6892566898519723, 0.561383114722731, 0.11096602878432116, 0.6133845066148269, 0.309507530299841, 0.92449142334617, 0.49041632866260554, 0.9358186484574345, 0.01723409131756426, 0.5283984870924479
0.9903846134187274, 0.6808570955991472, 0.5489470305824028, 0.11716323055754041, 0.3371688040756883, 0.34155425564669684, 0.5298153250511699, 0.007992685253868537, 0.6702702223435403, 0.6633559690191438, 0.7981993563780982, 0.3585906474668141, 0.20523113670417537, 0.6700386060679641, 0.7223358044785861, 0.11687598412750111, 0.6372614542000982, 0.33624858789671463, 0.2918886612877162, 0.9981240738068983, 0.9425306277812583, 0.48481437175351627, 0.6781409248616117, 0.07734244538915536, 0.8469659498907885, 0.2374951597648599, 0.5407922206197248, 0.6944603602857379, 0.0801892111112954, 0.7138813882580992
0.5725433316845706, 0.1876575887373515, 0.5905591658399519, 0.9586917154520438, 0.9006815943908234, 0.007578016096264073, 0.21822727956862442, 0.6841259204391359, 0.2784635557026376, 0.04549659066490486, 0.7118410974246869, 0.6880837637023313, 0.5705389319282979, 0.14775169865099835, 0.6884549426190915, 0.42321787751784934, 0.23366031002769239, 0.9350204316408484, 0.5903964721901507, 0.4123577979353382, 0.4629022620408334, 0.3687898223010906, 0.7194187518316284, 0.1390562556843722, 0.16059324996822877, 0.3357199862890492, 0.8053934711808468, 0.4213270447722848, 0.9667263465415439, 0.7480063626407456
0.4609364049960738, 0.43620571474318093, 0.3868048802343812, 0.11276841808136928, 0.07411531753961975, 0.3372825930220469, 0.7682152866788348, 0.1101335314290468, 0.5012360309166277, 0.8547942836105774, 0.08128256634659015, 0.8235207995319229, 0.9328371127593951, 0.34707594261707275, 0.2456937387263043, 0.5851705694979561, 0.09416576330579751, 0.40069886564796153, 0.42738648652955025, 0.466076469954639, 0.08989954195634042, 0.3806812064802285, 0.05602406601109766, 0.0366711520897951, 0.7864502462852025, 0.536068651581516, 0.5913169583752609, 0.6573106862543648, 0.17174148002834333, 0.6779560893045902
0.09568991875454491, 0.9989678657174941, 0.9889951924796893, 0.40438994157953134, 0.954790814101018, 0.39875608019535136, 0.8124996577987035, 0.6708548225017577, 0.22435342684493442, 0.13490321694001373, 0.25526096767397566, 0.012847109130158074, 0.7722158607634441, 0.2920666143222749, 0.8568629343296987, 0.47363343308288564, 0.857368531748109, 0.8612158727988767, 0.10330883478014219, 0.05060872944623385, 0.8305842989865957, 0.28463199136377404, 0.8043959426557604, 0.4831339426346354, 0.6235055924571575, 0.4814284429786987, 0.4084541911377856, 0.1317580260027872, 0.3607898438747227, 0.9094459028093479
0.5468310978180894, 0.22689429146609696, 0.5521820505675409, 0.9762167392076767, 0.336507331282777, 0.3934368103569642, 0.09073360639477324, 0.5241316642037306, 0.30363037016712435, 0.690005121982748, 0.7865965022535296, 0.28913500903199785, 0.7905706206738431, 0.8995414425299579, 0.4656362719897812, 0.3361151818637437, 0.5202605141547492, 0.16755563658007533, 0.9525552839362108, 0.3822680302580038, 0.6083463815004134, 0.2668925348487996, 0.44492037844752796, 0.4783702515034971, 0.21306042348162457, 0.6993102060159094, 0.8776044019935345, 0.7513990907023022, 0.8582426328531801, 0.46265664372573945
0.14488085778389137, 0.7800077302640464, 0.10825959262801921, 0.9611691672954357, 0.8676300203800124, 0.026334227119583775, 0.35570621443472195, 0.1585980563911683, 0.5379935967977523, 0.48289493316356524, 0.5174907840584869, 0.7420082755714978, 0.6236496779107267, 0.9541567827964523, 0.2332758418011769, 0.36023585978200456, 0.7089453103934844, 0.7511791774324905, 0.2411084125316565, 0.16251409928537697, 0.5843796870417263, 0.27498765117631596, 0.2252724248670659, 0.45578639182918457, 0.683669126420788, 0.21013101724931416, 0.4986788153226025, 0.043541540876970375, 0.03797617186572355, 0.19010924952205455
0.6176743923248162, 0.37166329576047163, 0.9101655422162975, 0.19313886842510497, 0.08877436923940007, 0.8477249240350878, 0.5332170274774188, 0.4376938773211215, 0.9427019092018224, 0.32029687522474626, 0.09337852287454784, 0.5600954909433454, 0.6970629931976579, 0.5416625145900678, 0.5521289091894904, 0.081958255436272, 0.9018033219776379, 0.4548275677911622, 0.5639731750361416, 0.45048560211756317, 0.986129337930799, 0.11832437131537576, 0.47977947007618293, 0.8260091228809148, 0.5844800496330321, 0.4853546070300293, 0.2110175334195029, 0.1211831547993707, 0.43219867779362076, 0.17673475111201642
0.871165301645219, 0.28288919347993324, 0.3981049135100957, 0.679591089261065, 0.46834253983914, 0.5861482620416493, 0.37894237667115116, 0.38384962876589035, 0.6618238314381097, 0.559152435133814, 0.23530651772350453, 0.05308900697604624, 0.9375404918063125, 0.0475776950932113, 0.23659968705193513, 0.47950733925840583, 0.30300870385353373, 0.6963720372113558, 0.18935671227512396, 0.5452386826869959, 0.8505465168805886, 0.7027188904098473, 0.3006348115602254, 0.17089942051848195, 0.5124745801837808, 0.3043411859325026, 0.6165651382639797, 0.2096861803362603, 0.27228098212896357, 0.40934277124475116
0.33830996097663857, 0.5605987486153335, 0.9324024733867178, 0.773971423925988, 0.13513904383600572, 0.3483946160915491, 0.3340744940171855, 0.9058723489314284, 0.6544942876055596, 0.6842018067533636, 0.2738781094460462, 0.040213552036654776, 0.9484131221624863, 0.2614766990827714, 0.7666870388431425, 0.23150769359682533, 0.031426572855320356, 0.7593114489004215, 0.8192918450729793, 0.6091720825162426, 0.24393828608618362, 0.024537619955042222, 0.8309336872236025, 0.020210826817855576, 0.6571177087654502, 0.9704902044985843, 0.5998929777726746, 0.6245487982286598, 0.6967900723942201, 0.18195368164209913
0.6382359181926082, 0.5952875357079878, 0.5985264427471233, 0.26146714685030303, 0.6714962902095611, 0.3546695175702774, 0.36228060282882857, 0.7755746326469234, 0.534617958498899, 0.6269122810454043, 0.3678981739864001, 0.19750577586740203, 0.19540665773083232, 0.06838755177236333, 0.6543868845528351, 0.08020764237879419, 0.4385780435787471, 0.4827586152197637, 0.1533848503832972, 0.9868687662363544, 0.5091914484341512, 0.9354944956124682, 0.43138342695946363, 0.23294227824424396, 0.8820084770666605, 0.28637581527845524, 0.38625855550639787, 0.07680711516583494, 0.9181872146192651, 0.7829013819080283
0.6652531142068974, 0.01730145469440425, 0.28721239830424183, 0.6712949211388781, 0.4372168334556985, 0.08373318724241441, 0.09108045889793903, 0.3506718235370506, 0.8603846676639043, 0.33524139747620274, 0.8695646720241467, 0.29059515496179644, 0.08159280328536178, 0.13261241947436975, 0.9360060760230652, 0.18616983096597362, 0.5370372431515729, 0.332982437741537, 0.1176580012124252, 0.768159969943594, 0.8728886944162502, 0.7214273622592036, 0.9382028795728173, 0.11007199627280517, 0.7073661494643437, 0.44279320724514926, 0.29538095491731453, 0.9873517701238276, 0.3547481338233729, 0.40499104351234816
0.34437846246662185, 0.5712353957017055, 0.7719963372318058, 0.5621751927581253, 0.5904207315332692, 0.23195190891104045, 0.6809955968101555, 0.5638031522158679, 0.5736334888624135, 0.31290481257420666, 0.8024660526620772, 0.7872248201698393, 0.15777242740200748, 0.3841418407119559, 0.8621167955575478, 0.12428133236053318, 0.09793549978469085, 0.914700060901651, 0.005691835809187085, 0.7096510785149301, 0.8509053915740931, 0.4204630883747842, 0.3449918186083637, 0.7180801290863773, 0.29529244532719434, 0.33332298264100046, 0.16724721192827652, 0.0602071924151516, 0.4473723314463117, 0.9761941509329713
0.5211639537827732, 0.27178217728982434, 0.5337056949372105, 0.33214384668183305, 0.18435806711557645, 0.8531898515603648, 0.7922214383801911, 0.8528397143727412, 0.07499109500883872, 0.37076361375924516, 0.10148348750171232, 0.3054201340577257, 0.5410866237445938, 0.9809802977658645, 0.9095239907162052, 0.5719985980985789, 0.1596560505884077, 0.5728988141040566, 0.9555413434072404, 0.6599686808952403, 0.04333280138424056, 0.9391254971690567, 0.8722945122896889, 0.034536338106189834, 0.7010622304507997, 0.8976737962260203, 0.5471916707213553, 0.9531830325426144, 0.35206508245695445, 0.6845123112440107
0.09352774384064044, 0.5817563146193807, 0.30806105027890085, 0.34214402187222204, 0.4627919475407979, 0.8544173788829886, 0.07785006458523236, 0.6854182053493555, 0.47407295707773056, 0.7076048303551487, 0.2721886356600349, 0.5289829336074405, 0.7096673552992413, 0.15855426115253202, 0.8375817205328018, 0.30384135941623547, 0.36420293915010593, 0.8390728417698231, 0.6985840049201915, 0.13939019341139802, 0.4420223580769731, 0.29676099089860597, 0.5155435404784697, 0.2986782936537502, 0.7372850501169982, 0.4468628231396349, 0.15375557159667286, 0.9690219059921888, 0.0006454280451609895, 0.0924605107405514
0.944518302833796, 0.9062938099170831, 0.972039568282244, 0.1320053813762908, 0.9481990377118961, 0.45873015696282793, 0.6704603488984022, 0.21480353174774536, 0.515593326103982, 0.9585074094271676, 0.7650185482067281, 0.33020316664008154, 0.14881051397387646, 0.8909877263371729, 0.4755921838375725, 0.5323953571605582, 0.3605792491066321, 0.9589284881796851, 0.11200643762084639, 0.34531373511571994, 0.7101440561964408, 0.2455335453195986, 0.5464472028823008, 0.07494691679497945, 0.13255305195938627, 0.3010775814320684, 0.31909212648023, 0.02389298363732406, 0.03654732673952166, 0.26653911092598104
0.7053936589764184, 0.773517726946923, 0.05523205403892317, 0.9267788014277692, 0.8388166394167711, 0.653835230724755, 0.5427940841698028, 0.8348867297007577, 0.057906148611122865, 0.5203633293569182, 0.2636030395085702, 0.7309297588438259, 0.6925259687180219, 0.7879072892301674, 0.6697644335198949, 0.12459670183958071, 0.011132976392680627, 0.15749419291866473, 0.3448042748455987, 0.14299508057952082, 0.6940511836860664, 0.0555377077203546, 0.20452573795819773, 0.1416359426505175, 0.04095965768667087, 0.8896610926080456, 0.040607352827906285, 0.5316080325278509, 0.7056415891433503, 0.3668275730436059
0.2340647242639443, 0.7449413118629209, 0.6727121750815906, 0.1438668551321277, 0.5321507818394637, 0.22566525728125664, 0.5034400617820212, 0.3000634650739571, 0.799815674888029, 0.7322918475154556, 0.34969250735272184, 0.32271172638777534, 0.800283920197792, 0.5636272837897633, 0.5875400798907308, 0.6119889233290006, 0.6490633870189499, 0.879779027894975, 0.7562451103469349, 0.013780764864032569, 0.10653055359990005, 0.8211933205498966, 0.6476967255947633, 0.19698162548091913, 0.23818104750560865, 0.49704893438579256, 0.983956991009934, 0.40058897101208824, 0.6406695739760392, 0.12392913006807593
0.9664698180494948, 0.6459382326910568, 0.24159091283135692, 0.17030190620377883, 0.046692079456150504, 0.769546166279694, 0.010282928552902915, 0.27872383140962, 0.8620466502958849, 0.5093289226670573, 0.915213763051802, 0.05852319726893529, 0.5438713884070768, 0.4417260955481246, 0.8421269922395028, 0.770272861934825, 0.2616396745254034, 0.8515182130847027, 0.47615513111047947, 0.7340784643135418, 0.34100854083582677, 0.339665239391446, 0.5510150136924679, 0.45806734561312146, 0.7787655918958547, 0.2903570172894647, 0.10219147237293325, 0.9610859515838974, 0.17208023755485913, 0.7407365321321963
0.9355989328803908, 0.14371496327005018, 0.26659509081231914, 0.2367944784972832, 0.20753278934782438, 0.5039092571305733, 0.9892425904507243, 0.3526276509019791, 0.09202172181227564, 0.8345959710333812, 0.051634644163747634, 0.6183190119054156, 0.9438970873253905, 0.6103934732431328, 0.5955331530822295, 0.6627131053246483, 0.7932380110946712, 0.5020477568100571, 0.08775361299419093, 0.18244320407346737, 0.2191468525158986, 0.058776507358749064, 0.6922178457142274, 0.972309537485862, 0.3996697538037859, 0.8240043974123111, 0.12017364678860243, 0.12293639134801582, 0.9451715350426864, 0.6384511119522607
0.19566884179201038, 0.6005393092269007, 0.810239626076264, 0.8361932188782477, 0.7026661987099905, 0.3600985410532155, 0.08865672031211169, 0.31803723313658216, 0.5635472363400993, 0.14627083535955032, 0.23876837673761275, 0.2603474284682237, 0.7676543896341514, 0.6916262829687072, 0.19733573157277684, 0.07632728779860709, 0.3694846066539246, 0.9390747836883282, 0.4809632944873168, 0.36127646632752897, 0.9792320172223135, 0.19027634931894843, 0.03823201906684126, 0.9942314528132278, 0.7263058702364618, 0.27072752520274124, 0.03668631762329799, 0.9573251847860538, 0.35606572537840564, 0.586318217905256
0.06882767792890543, 0.42858179987448086, 0.029166285283991122, 0.4851750202868097, 0.29789533869188956, 0.32542015003399094, 0.6284354937512511, 0.025608144054477755, 0.26781364380680384, 0.026897327509847524, 0.12340835010066697, 0.43979942256814675, 0.5182512077098705, 0.20701555415793116, 0.31152037443737535, 0.1917569856673459, 0.20184919960929315, 0.09432248921260467, 0.04118812363771884, 0.7141892627628642, 0.3199950547831394, 0.3303310410199747, 0.05113547053876233, 0.43033322051969625, 0.8407727827899293, 0.13773627583501946, 0.9198196587322396, 0.7903855160368347, 0.010385201365047725, 0.1756369464525629
0.6417324452540561, 0.5755641767251043, 0.339908237724572, 0.43962543145770416, 0.5713084591613393, 0.19392875209999427, 0.9972159218318902, 0.3071455979148171, 0.1997858864848372, 0.22054669987377717, 0.03835960450180864, 0.12044919186933933, 0.5572242383193377, 0.5039729682940164, 0.6660637403471544, 0.44031815124061346, 0.8680530154911145, 0.6416435853288588, 0.8267334619435096, 0.7505243119293268, 0.7335573925019299, 0.8112251677785233, 0.09128856681981257, 0.1269483083604407, 0.9749516995643868, 0.9860009682950802, 0.3511876415095191, 0.822906710176233, 0.8781276926687508, 0.9029309600757363
0.47110937545655795, 0.16083349669493974, 0.9894781011541505, 0.5336279841452874, 0.7540702927831082, 0.07566862533762886, 0.6412130876413182, 0.769946988175577, 0.7358647534741253, 0.7628048098931671, 0.8477752450810212, 0.713516744656436, 0.7407813104169968, 0.6475303313871761, 0.33673132981751286, 0.5568537711041145, 0.47799594977608684, 0.918424532161041, 0.3563590161955913, 0.000422314112987876, 0.7971526186867105, 0.8093515952387329, 0.8742393794213212, 0.18521962134723202, 0.5762465109940188, 0.1463130688543426, 0.0735620545150033, 0.014529602714059231, 0.6873842436567267, 0.8015380508968503
0.30257825025178, 0.8199916695561784, 0.5620390338785977, 0.4545625386789949, 0.7898014862359023, 0.3739739975257702, 0.595273919720024, 0.9855709231800013, 0.6140736686093076, 0.3531544263940166, 0.8483448270903278, 0.5238329347681876, 0.7558051355146607, 0.008107059651734416, 0.21123956560496393, 0.44929777747562816, 0.3304589907208588, 0.45880952630390204, 0.32250797302473055, 0.5522307452522679, 0.09515032107306753, 0.5730332627376662, 0.2706608962249578, 0.3223015846246684, 0.4840843725229034, 0.6849725395371197, 0.6241599165066822, 0.10201903992211048, 0.6752724295177217, 0.6611215529732039
0.9782517582547944, 0.03484615871850183, 0.42328885543388495, 0.8233892378161133, 0.11196391785538629, 0.9840802619328471, 0.00879010973144323, 0.39889201529480733, 0.8957506779073257, 0.9369697657011211, 0.008507755016492036, 0.03942036224749523, 0.10726113056864961, 0.9160628800320044, 0.22796655612306282, 0.20609172336610837, 0.8973251886750762, 0.8950242343306066, 0.5924765387631032, 0.4437441591057103, 0.17492335434416417, 0.11160474188796343, 0.4962360007878812, 0.22166321528130495, 0.7710404483828878, 0.21630114292338565, 0.4214982974237568, 0.11540271100058808, 0.29643170246743, 0.7516842498967199
0.5343341581396572, 0.19818354308605135, 0.9167499115064638, 0.43263710445214953, 0.30167180798832094, 0.7486689538412632, 0.5289386500335453, 0.36790277066718957, 0.23354311959159701, 0.7767136787987293, 0.9431640320825266, 0.24849900853356444, 0.860475642233937, 0.35601227907638466, 0.6184682373673733, 0.8480048437327047, 0.9203826188296269, 0.5119344535639458, 0.4559117193660387, 0.7903366806261554, 0.7691437244205379, 0.07440020543537962, 0.48356598185210775, 0.3639568581498063, 0.9489797631417393, 0.9094918392160332, 0.2581477320727652, 0.7540517750932313, 0.08183929264534617, 0.6340229518463778
0.07736448545102248, 0.8156606379726724, 0.13153387609797085, 0.5999595461992627, 0.5823052831172304, 0.8663449272273217, 0.855645436524039, 0.5862939047335272, 0.1507525371338735, 0.3345380669840621, 0.20939554506091984, 0.4276407190729281, 0.754624993174912, 0.053899602629666976, 0.2697583445126067, 0.9395000020347762, 0.9619270264995732, 0.8665970974707794, 0.04690969283177526, 0.9890874721639861, 0.9142453032050367, 0.5874832870120937, 0.160538748192261, 0.4653019107583032, 0.5453419074709935, 0.8457808063482187, 0.8734034825398437, 0.28954424368481047, 0.9988320807130595, 0.7178852401003539
0.3323130983569862, 0.07259993347647808, 0.5847003689271933, 0.5350699804899581, 0.3433618277809064, 0.49832919847293344, 0.21295261334446502, 0.8536107813145501, 0.44127997835986077, 0.33656967767575274, 0.8164681878570826, 0.6119513051190633, 0.3792517870156381, 0.8308081699834472, 0.06387799063153266, 0.3760555120394995, 0.8304364511472593, 0.45346825445492245, 0.4781993980866094, 0.48038308307705335, 0.18963792090073817, 0.5108459995516198, 0.7456361065380119, 0.8583222526641028, 0.5874704242019363, 0.7922183159564755, 0.7118478895186324, 0.24816025625767746, 0.9914273574453246, 0.13323073347360237
0.5991045188579177, 0.09573903090303426, 0.42146101653967827, 0.5701807510005129, 0.8713030326656674, 0.2986361999530509, 0.7044694156323404, 0.8250797305292297, 0.9213122143086051, 0.03447085714999876, 0.101323372747125, 0.3587033964451204, 0.10690832174341713, 0.3449932037604926, 0.8544980965937097, 0.5424370734158743, 0.8024556411896665, 0.9611619545906934, 0.8181410057192966, 0.8232462547082012, 0.8033538680738941, 0.698476032854371, 0.475141859550976, 0.29511893597600014, 0.8540403158610437, 0.31963016377191233, 0.34852731142161464, 0.05241621369200311, 0.5905608054907269, 0.328082367585222
0.11098333164233998, 0.14119705464253984, 0.09941648576565953, 0.268636704049792, 0.3208388699276118, 0.8491783822349118, 0.46159721052960556, 0.9718096562690098, 0.42809710193750894, 0.8672624711132576, 0.5572330827020526, 0.2569102746059484, 0.10711317074555748, 0.9837172214626395, 0.9309659592358945, 0.5646764883601761, 0.03899699683088176, 0.4032165193757624, 0.9818735079548211, 0.5082180208892394, 0.8174175935774078, 0.896426581352354, 0.5949793234599212, 0.8196543285101036, 0.656125911402295, 0.6617307004319706, 0.6209414663079972, 0.38784615817038703, 0.9191920757130357, 0.4417223371033445
0.34279546432733443, 0.4283733813511569, 0.8913108613002106, 0.6801406185233851, 0.5185279358870453, 0.36299321657972106, 0.15821941233788472, 0.026308458319910688, 0.7754811259947643, 0.9129986990814001, 0.5875150662846081, 0.1535929522943984, 0.6467270121949978, 0.5125047006752762, 0.5458944918829037, 0.050912219115416546, 0.2990099276277859, 0.6196972575106526, 0.8419270073208162, 0.7593184238383806, 0.9923392968233062, 0.8018716586255115, 0.3863334954537163, 0.2759281418873202, 0.32944485697714554, 0.18346668748115125, 0.8332074243594355, 0.9514109864307918, 0.3377990318126204, 0.75144175207784
0.5809610605857197, 0.3425459988377333, 0.859829123946855, 0.4026076669592864, 0.38265006722528516, 0.24541385868261834, 0.39334775554245505, 0.3396388025440086, 0.040890771287390715, 0.5444101365645677, 0.183869866406844, 0.8059036831191336, 0.599919977950486, 0.7900582353777564, 0.661793371406869, 0.8303862961373483, 0.7976377869788991, 0.739716228758967, 0.2721299592791666, 0.1457272199448868, 0.6502910942766817, 0.7014829185811271, 0.9596898470536946, 0.592471368471732, 0.8358679125752861, 0.44197055547045716, 0.2942673064385336, 0.3350594834027577, 0.584333023744903, 0.7984001514103909
0.29599321710391513, 0.18148693590025378, 0.9561607894684127, 0.20337569125086252, 0.10819773418536827, 0.10303999433471722, 0.8503652475720881, 0.942280735254138, 0.23080474291903885, 0.0627453420238907, 0.8726571270253075, 0.9930976400063782, 0.14751757406687993, 0.20893069054368907, 0.37714151546558194, 0.40743161322739585, 0.6306491481657783, 0.4170592273103927, 0.30776716382187774, 0.8181372362099492, 0.36630187757496113, 0.13328034144170287, 0.9615588997083051, 0.37156488411154476, 0.24040394485180927, 0.23017548802590848, 0.4092681545797313, 0.4381916979058146, 0.8637693576344146, 0.14397853113236814
0.8532145496644766, 0.155409376165749, 0.6475464267173942, 0.22390729136797538, 0.5727612541248012, 0.0819786424820329, 0.5907773432481304, 0.5596841142748533, 0.594199712962276, 0.8131839120983739, 0.6652294826816368, 0.43441987706860385, 0.09781959507718985, 0.10027452058900133, 0.1860853277461042, 0.6584460360875888, 0.26193051205167894, 0.8256103901145991, 0.4952572564318797, 0.71485510108123, 0.6560797233271144, 0.6152689679949328, 0.5026221193139654, 0.202071869969764, 0.7490334255096539, 0.2321501943679415, 0.39658347713175834, 0.18545593625997436, 0.8390840537333748, 0.932455137000322
0.5598505129217716, 0.25724146061979325, 0.7167811670271159, 0.3559516928083777, 0.3680868474536302, 0.5138098750143889, 0.3203034187453011, 0.3102445375330998, 0.2370758326005451, 0.1508981119479198, 0.7587161788815946, 0.866426060223221, 0.3601942411284207, 0.9204533742660206, 0.8141496852680237, 0.6614739737754859, 0.005415320978968796, 0.7426595900802528, 0.39797615290493504, 0.646332508692415, 0.40372980976425643, 0.9071486054507468, 0.809962308304356, 0.021747554264703095, 0.8700037271686735, 0.2381835880030383, 0.3353064599784048, 0.0357810082944815, 0.9600948363570134, 0.46645929844370115
0.918556439887482, 0.12987894268027433, 0.5911124456245062, 0.1522524089910885, 0.5124606043981718, 0.7987584577083041, 0.8625253467472336, 0.37067189242550647, 0.20802164792391997, 0.22141447732241126, 0.8992629628968045, 0.3108263048094473, 0.4796168272436837, 0.1731726888260563, 0.49100694202497286, 0.16268362638854605, 0.44566030393094347, 0.7177173610611014, 0.977614546163154, 0.4171231400934874, 0.489284923583428, 0.07704633544955919, 0.24737688270588643, 0.58839322363544, 0.02485302664254374, 0.8730154322110911, 0.9597273470268677, 0.06265476876073872, 0.4995161528901392, 0.366187089242186
0.00195417777506,0.500765695481,0.996564230103
2.02060415431,3.85991144698,6.17103984941
